数据由预测者网(www.yucezhe.com)整理，任何问题请联系官方QQ:2023046319。
时间,价格,笔数,成交额,成交量,买卖盘,买一价,买二价,买三价,买四价,买五价,卖一价,卖二价,卖三价,卖四价,卖五价,买一量,买二量,买三量,买四量,买五量,卖一量,卖二量,卖三量,卖四量,卖五量
2017-05-26 09:25:03,7.54,9.0,174174.0,231.0,S,7.51,7.5,7.47,7.46,7.45,7.54,7.55,7.57,7.59,7.6,5,60,18,25,30,241,66,10,45,5
2017-05-26 09:30:08,7.54,1.0,1508.0,2.0,B,7.51,7.5,7.49,7.47,7.46,7.54,7.55,7.57,7.58,7.59,69,65,27,23,91,239,76,10,8,45
2017-05-26 09:30:50,7.54,1.0,25635.0,34.0,B,7.51,7.5,7.49,7.47,7.46,7.54,7.55,7.56,7.57,7.58,69,65,27,23,96,205,76,10,10,8
2017-05-26 09:30:59,7.54,1.0,15835.0,21.0,B,7.51,7.5,7.49,7.47,7.46,7.54,7.55,7.56,7.57,7.58,74,65,27,23,96,187,76,10,10,8
2017-05-26 09:31:23,7.51,2.0,15019.0,20.0,S,7.51,7.5,7.49,7.47,7.46,7.54,7.55,7.56,7.57,7.58,54,65,27,73,96,187,76,10,10,8
2017-05-26 09:31:26,7.54,1.0,755.0,1.0,B,7.51,7.5,7.49,7.47,7.46,7.54,7.55,7.56,7.57,7.58,54,65,27,73,96,186,76,10,10,8
2017-05-26 09:31:29,7.51,2.0,30145.0,40.0,S,7.51,7.5,7.49,7.47,7.46,7.54,7.55,7.56,7.57,7.58,49,65,27,73,96,151,76,10,10,8
2017-05-26 09:31:35,7.54,2.0,10555.0,14.0,B,7.51,7.5,7.49,7.47,7.46,7.54,7.55,7.56,7.57,7.58,49,65,27,73,96,137,76,10,10,8
2017-05-26 09:31:44,7.54,2.0,34684.0,46.0,B,7.52,7.51,7.5,7.49,7.47,7.54,7.55,7.56,7.57,7.58,7,49,65,27,103,91,76,10,10,34
2017-05-26 09:31:47,7.54,1.0,9049.0,12.0,B,7.52,7.51,7.5,7.49,7.47,7.54,7.55,7.56,7.57,7.58,7,49,65,27,103,79,76,10,10,34
2017-05-26 09:32:02,7.53,1.0,2259.0,3.0,B,7.51,7.5,7.49,7.47,7.46,7.53,7.54,7.55,7.56,7.57,50,71,27,103,96,2,79,76,10,10
2017-05-26 09:32:08,7.54,2.0,3014.0,4.0,B,7.51,7.5,7.49,7.47,7.46,7.54,7.55,7.56,7.57,7.58,50,71,27,103,96,77,76,10,10,34
2017-05-26 09:32:11,7.54,1.0,1507.0,2.0,B,7.52,7.51,7.5,7.49,7.47,7.54,7.55,7.56,7.57,7.58,8,60,71,27,103,75,76,10,10,34
2017-05-26 09:32:17,7.54,1.0,3770.0,5.0,B,7.52,7.51,7.5,7.49,7.47,7.54,7.55,7.56,7.57,7.58,38,60,71,27,103,67,76,10,10,34
2017-05-26 09:32:26,7.54,1.0,14326.0,19.0,B,7.52,7.51,7.5,7.49,7.47,7.54,7.55,7.56,7.57,7.58,38,60,71,27,103,48,76,10,10,34
2017-05-26 09:32:47,7.54,2.0,38454.0,51.0,B,7.54,7.52,7.51,7.5,7.49,7.55,7.56,7.57,7.58,7.59,49,30,40,73,27,76,10,10,8,45
2017-05-26 09:32:53,7.54,1.0,19605.0,26.0,S,7.54,7.52,7.51,7.5,7.49,7.55,7.56,7.57,7.58,7.59,23,130,40,73,27,76,10,10,8,45
2017-05-26 09:33:02,7.56,6.0,64940.0,86.0,B,7.56,7.54,7.52,7.51,7.5,7.57,7.58,7.59,7.6,7.61,114,23,130,25,73,10,8,45,132,50
2017-05-26 09:33:05,7.56,1.0,7559.0,10.0,S,7.56,7.54,7.52,7.51,7.5,7.57,7.58,7.59,7.6,7.61,104,23,130,25,73,10,8,45,132,50
2017-05-26 09:33:32,7.57,2.0,5299.0,7.0,B,7.56,7.55,7.54,7.52,7.51,7.57,7.58,7.59,7.6,7.61,104,13,33,130,25,3,8,45,132,50
2017-05-26 09:33:41,7.57,2.0,2272.0,3.0,B,7.56,7.55,7.54,7.52,7.51,7.58,7.59,7.6,7.61,7.62,109,13,33,130,25,8,45,132,50,43
2017-05-26 09:33:47,7.56,1.0,756.0,1.0,S,7.56,7.55,7.54,7.52,7.51,7.58,7.59,7.6,7.61,7.62,108,13,33,130,25,108,45,132,50,43
2017-05-26 09:34:08,7.58,2.0,7579.0,10.0,B,7.56,7.55,7.54,7.52,7.51,7.58,7.59,7.6,7.61,7.62,108,13,33,150,25,98,45,132,73,43
2017-05-26 09:34:20,7.57,2.0,7571.0,10.0,B,7.56,7.55,7.54,7.52,7.51,7.57,7.58,7.59,7.6,7.61,108,13,35,150,25,45,98,45,132,73
2017-05-26 09:34:29,7.57,1.0,756.0,1.0,B,7.56,7.55,7.54,7.52,7.51,7.57,7.58,7.59,7.6,7.61,108,13,35,150,25,62,98,45,132,73
2017-05-26 09:34:32,7.57,3.0,46935.0,62.0,B,7.57,7.56,7.55,7.54,7.52,7.58,7.59,7.6,7.61,7.62,4,108,13,35,150,98,45,132,73,48
2017-05-26 09:34:50,7.57,1.0,3028.0,4.0,S,7.56,7.55,7.54,7.52,7.51,7.57,7.58,7.59,7.6,7.61,138,13,35,150,25,31,98,75,132,73
2017-05-26 09:34:59,7.57,2.0,22710.0,30.0,B,7.56,7.55,7.54,7.52,7.51,7.57,7.58,7.59,7.6,7.61,138,13,35,150,25,1,98,95,132,73
2017-05-26 09:35:17,7.57,2.0,7569.0,10.0,B,7.56,7.55,7.54,7.52,7.51,7.57,7.58,7.59,7.6,7.61,140,13,35,150,25,63,98,95,132,73
2017-05-26 09:35:23,7.57,1.0,6813.0,9.0,B,7.56,7.55,7.54,7.53,7.52,7.57,7.58,7.59,7.6,7.61,140,13,35,100,150,54,98,95,132,73
2017-05-26 09:35:38,7.57,1.0,25739.0,34.0,B,7.56,7.55,7.54,7.53,7.52,7.57,7.58,7.59,7.6,7.61,140,13,35,100,150,20,98,95,132,73
2017-05-26 09:35:47,7.58,2.0,26509.0,35.0,B,7.57,7.56,7.55,7.54,7.53,7.58,7.59,7.6,7.61,7.62,5,130,3,39,100,83,95,132,73,48
2017-05-26 09:35:50,7.58,1.0,6822.0,9.0,B,7.57,7.56,7.55,7.54,7.53,7.58,7.59,7.6,7.61,7.62,5,130,3,39,100,74,95,132,73,48
2017-05-26 09:35:53,7.57,3.0,3785.0,5.0,S,7.56,7.55,7.54,7.53,7.52,7.57,7.58,7.59,7.6,7.61,130,3,39,100,150,12,74,95,132,73
2017-05-26 09:35:56,7.57,2.0,27252.0,36.0,B,7.57,7.56,7.55,7.54,7.53,7.58,7.59,7.6,7.61,7.62,4,130,3,39,100,74,95,132,73,48
2017-05-26 09:35:59,7.58,1.0,53060.0,70.0,B,7.57,7.56,7.55,7.54,7.53,7.58,7.59,7.6,7.61,7.62,5,130,3,39,100,4,95,132,73,48
2017-05-26 09:36:05,7.58,1.0,3033.0,4.0,B,7.58,7.57,7.56,7.55,7.54,7.59,7.6,7.61,7.62,7.63,16,5,130,3,39,95,132,73,48,5
2017-05-26 09:36:14,7.59,3.0,14411.0,19.0,B,7.58,7.57,7.56,7.55,7.54,7.59,7.6,7.61,7.62,7.63,6,55,230,3,39,86,132,73,48,5
2017-05-26 09:36:20,7.58,2.0,19708.0,26.0,S,7.57,7.56,7.55,7.54,7.53,7.58,7.59,7.6,7.61,7.62,55,230,3,39,100,15,86,132,73,48
2017-05-26 09:36:26,7.59,2.0,15164.0,20.0,B,7.57,7.56,7.55,7.54,7.53,7.59,7.6,7.61,7.62,7.63,54,230,3,39,100,81,132,73,48,5
2017-05-26 09:36:29,7.59,1.0,8350.0,11.0,B,7.57,7.56,7.55,7.54,7.53,7.58,7.59,7.6,7.61,7.62,54,230,3,39,100,10,70,132,73,48
2017-05-26 09:36:32,7.58,1.0,7579.0,10.0,B,7.58,7.57,7.56,7.55,7.54,7.59,7.6,7.61,7.62,7.63,10,54,230,3,39,70,132,73,48,5
2017-05-26 09:36:35,7.58,1.0,7580.0,10.0,S,7.57,7.56,7.55,7.54,7.53,7.59,7.6,7.61,7.62,7.63,54,230,3,39,100,70,132,73,48,5
2017-05-26 09:36:38,7.58,1.0,758.0,1.0,S,7.57,7.56,7.55,7.54,7.53,7.58,7.59,7.6,7.61,7.62,54,230,3,39,100,4,70,132,73,48
2017-05-26 09:36:44,7.58,3.0,15161.0,20.0,B,7.57,7.56,7.55,7.54,7.53,7.58,7.59,7.6,7.61,7.62,54,230,3,39,100,8,119,132,73,48
2017-05-26 09:36:47,7.58,1.0,6063.0,8.0,B,7.58,7.57,7.56,7.55,7.54,7.59,7.6,7.61,7.62,7.63,81,54,230,3,39,119,132,73,48,5
2017-05-26 09:36:56,7.59,1.0,7591.0,10.0,B,7.58,7.57,7.56,7.55,7.54,7.59,7.6,7.61,7.62,7.63,81,54,230,3,39,109,132,73,48,5
2017-05-26 09:36:59,7.58,1.0,8338.0,11.0,S,7.58,7.57,7.56,7.55,7.54,7.59,7.6,7.61,7.62,7.63,70,54,230,3,39,119,132,73,48,5
2017-05-26 09:37:08,7.59,1.0,3795.0,5.0,B,7.58,7.57,7.56,7.55,7.54,7.59,7.6,7.61,7.62,7.63,70,54,230,3,29,114,132,73,48,5
2017-05-26 09:37:11,7.59,1.0,1518.0,2.0,B,7.58,7.57,7.56,7.55,7.54,7.59,7.6,7.61,7.62,7.63,123,54,230,3,29,128,132,73,48,5
2017-05-26 09:37:14,7.59,2.0,14403.0,19.0,B,7.58,7.57,7.56,7.55,7.54,7.59,7.6,7.61,7.62,7.63,106,54,230,3,29,126,132,73,48,5
2017-05-26 09:37:17,7.59,3.0,9109.0,12.0,B,7.58,7.57,7.56,7.55,7.54,7.59,7.6,7.61,7.62,7.63,106,54,230,3,29,114,132,73,48,5
2017-05-26 09:37:23,7.58,1.0,15159.0,20.0,S,7.58,7.57,7.56,7.55,7.54,7.59,7.6,7.61,7.62,7.63,86,54,230,3,29,89,132,73,48,5
2017-05-26 09:37:26,7.59,2.0,17457.0,23.0,B,7.58,7.57,7.56,7.55,7.54,7.59,7.6,7.61,7.62,7.63,86,54,230,3,29,66,132,73,48,5
2017-05-26 09:37:35,7.59,7.0,50094.0,66.0,B,7.59,7.58,7.57,7.56,7.55,7.6,7.61,7.62,7.63,7.64,86,86,38,230,3,132,73,48,5,22
2017-05-26 09:37:44,7.59,2.0,3037.0,4.0,S,7.59,7.58,7.57,7.56,7.55,7.6,7.61,7.62,7.63,7.64,118,89,38,230,3,131,73,48,15,22
2017-05-26 09:37:50,7.6,1.0,26600.0,35.0,B,7.59,7.58,7.57,7.56,7.55,7.6,7.61,7.62,7.63,7.64,118,89,4,230,3,96,73,48,15,22
2017-05-26 09:37:53,7.6,4.0,21281.0,28.0,B,7.59,7.58,7.57,7.56,7.55,7.6,7.61,7.62,7.63,7.64,118,89,4,230,3,68,73,48,15,22
2017-05-26 09:37:56,7.6,3.0,51679.0,68.0,B,7.6,7.59,7.58,7.57,7.56,7.61,7.62,7.63,7.64,7.65,32,118,89,8,230,73,48,15,22,39
2017-05-26 09:38:02,7.6,1.0,6840.0,9.0,S,7.6,7.59,7.58,7.57,7.56,7.61,7.62,7.63,7.64,7.65,47,118,36,8,230,73,48,15,31,39
2017-05-26 09:38:11,7.6,6.0,64637.0,85.0,S,7.59,7.58,7.57,7.56,7.55,7.6,7.61,7.62,7.63,7.64,118,36,8,230,3,2,36,98,15,31
2017-05-26 09:38:20,7.61,6.0,31199.0,41.0,B,7.61,7.59,7.58,7.57,7.56,7.62,7.63,7.64,7.65,7.66,12,118,36,108,230,93,15,31,39,613
2017-05-26 09:38:23,7.6,5.0,9892.0,13.0,S,7.6,7.59,7.58,7.57,7.56,7.61,7.62,7.63,7.64,7.65,159,118,36,108,130,1,93,15,31,39
2017-05-26 09:38:29,7.6,2.0,35720.0,47.0,S,7.6,7.59,7.58,7.57,7.56,7.62,7.63,7.64,7.65,7.66,112,118,36,108,130,93,15,31,49,613
2017-05-26 09:38:53,7.61,4.0,6857.0,9.0,S,7.61,7.6,7.59,7.58,7.57,7.62,7.63,7.64,7.65,7.66,8,118,118,38,108,53,15,22,138,613
2017-05-26 09:38:56,7.61,2.0,1522.0,2.0,S,7.61,7.6,7.59,7.58,7.57,7.62,7.63,7.64,7.65,7.66,6,118,118,38,108,53,15,22,138,613
2017-05-26 09:39:02,7.62,6.0,44958.0,59.0,B,7.62,7.61,7.6,7.59,7.58,7.63,7.64,7.65,7.66,7.67,91,6,118,118,38,15,42,143,613,26
2017-05-26 09:39:05,7.62,3.0,2286.0,3.0,S,7.62,7.61,7.6,7.59,7.58,7.63,7.64,7.65,7.66,7.67,88,6,118,118,35,15,42,143,613,26
2017-05-26 09:39:08,7.62,1.0,762.0,1.0,S,7.62,7.61,7.6,7.59,7.58,7.63,7.64,7.65,7.66,7.67,87,6,118,118,35,15,42,143,613,26
2017-05-26 09:39:11,7.62,5.0,12954.0,17.0,S,7.62,7.61,7.6,7.59,7.58,7.63,7.64,7.65,7.66,7.67,70,6,118,83,35,15,42,143,613,41
2017-05-26 09:39:14,7.62,2.0,2286.0,3.0,S,7.62,7.61,7.6,7.59,7.58,7.63,7.64,7.65,7.66,7.67,67,6,118,83,35,15,42,143,613,41
2017-05-26 09:39:17,7.62,3.0,3810.0,5.0,S,7.62,7.61,7.6,7.59,7.58,7.63,7.64,7.65,7.66,7.67,62,6,118,83,35,15,42,143,613,41
2017-05-26 09:39:20,7.62,6.0,31277.0,41.0,S,7.62,7.61,7.6,7.59,7.58,7.63,7.64,7.65,7.66,7.67,56,6,118,83,41,15,49,163,613,41
2017-05-26 09:39:23,7.62,1.0,42671.0,56.0,S,7.61,7.6,7.59,7.58,7.57,7.62,7.63,7.64,7.65,7.66,6,118,83,41,104,42,15,49,163,613
2017-05-26 09:39:26,7.62,4.0,4569.0,6.0,B,7.61,7.6,7.59,7.58,7.57,7.62,7.63,7.64,7.65,7.66,3,118,83,41,104,39,15,49,213,613
2017-05-26 09:39:29,7.63,10.0,81540.0,107.0,B,7.6,7.59,7.58,7.57,7.56,7.63,7.64,7.65,7.66,7.67,118,83,41,104,153,54,49,213,613,46
2017-05-26 09:39:35,7.62,2.0,1776.0,2.0,S,7.62,7.6,7.59,7.58,7.57,7.63,7.64,7.65,7.66,7.67,6,118,83,41,104,54,49,243,613,46
2017-05-26 09:39:38,7.62,1.0,3810.0,5.0,S,7.62,7.6,7.59,7.58,7.57,7.63,7.64,7.65,7.66,7.67,1,154,83,41,104,54,49,263,613,46
2017-05-26 09:39:41,7.62,1.0,510.0,1.0,S,7.6,7.59,7.58,7.57,7.56,7.62,7.63,7.64,7.65,7.66,154,83,41,104,153,1,54,178,263,613
2017-05-26 09:39:56,7.62,1.0,762.0,1.0,B,7.6,7.59,7.58,7.57,7.56,7.62,7.63,7.64,7.65,7.66,154,125,41,104,153,15,73,276,332,613
2017-05-26 09:40:11,7.61,3.0,9893.0,13.0,S,7.61,7.6,7.59,7.58,7.57,7.62,7.63,7.64,7.65,7.66,7,151,125,41,104,65,115,276,332,613
2017-05-26 09:40:14,7.62,2.0,5334.0,7.0,B,7.61,7.6,7.59,7.58,7.57,7.62,7.63,7.64,7.65,7.66,7,151,125,41,104,68,135,276,332,623
2017-05-26 09:40:17,7.62,1.0,6096.0,8.0,B,7.61,7.6,7.59,7.58,7.57,7.62,7.63,7.64,7.65,7.66,7,151,125,41,104,60,135,276,332,623
2017-05-26 09:40:26,7.61,1.0,5328.0,7.0,S,7.6,7.59,7.58,7.57,7.56,7.62,7.63,7.64,7.65,7.66,151,125,51,104,159,69,176,246,332,624
2017-05-26 09:40:32,7.62,3.0,15240.0,20.0,B,7.6,7.59,7.58,7.57,7.56,7.62,7.63,7.64,7.65,7.66,151,125,51,104,159,49,176,246,282,624
2017-05-26 09:40:41,7.61,1.0,6088.0,8.0,S,7.6,7.59,7.58,7.57,7.56,7.61,7.62,7.63,7.64,7.65,151,125,51,104,159,12,81,176,246,262
2017-05-26 09:40:44,7.62,12.0,78725.0,103.0,B,7.62,7.6,7.59,7.58,7.57,7.63,7.64,7.65,7.66,7.67,69,151,125,51,104,176,246,262,624,46
2017-05-26 09:40:47,7.62,1.0,7620.0,10.0,S,7.62,7.6,7.59,7.58,7.57,7.63,7.64,7.65,7.66,7.67,59,148,125,51,104,176,246,262,624,46
2017-05-26 09:40:50,7.62,2.0,9144.0,12.0,S,7.62,7.6,7.59,7.58,7.57,7.63,7.64,7.65,7.66,7.67,47,148,125,51,104,230,246,262,624,46
2017-05-26 09:40:59,7.62,1.0,35052.0,46.0,S,7.62,7.61,7.6,7.59,7.58,7.63,7.64,7.65,7.66,7.67,1,20,158,125,51,230,266,262,624,46
2017-05-26 09:41:02,7.62,1.0,511.0,1.0,S,7.61,7.6,7.59,7.58,7.57,7.62,7.63,7.64,7.65,7.66,20,158,125,51,104,11,230,271,242,624
2017-05-26 09:41:05,7.62,2.0,4572.0,6.0,B,7.61,7.6,7.59,7.58,7.57,7.62,7.63,7.64,7.65,7.66,20,158,125,51,104,25,230,271,242,624
2017-05-26 09:41:20,7.61,1.0,15219.0,20.0,S,7.6,7.59,7.58,7.57,7.56,7.61,7.62,7.63,7.64,7.65,158,125,51,104,169,80,126,230,261,242
2017-05-26 09:41:26,7.61,1.0,22831.0,30.0,B,7.6,7.59,7.58,7.57,7.56,7.61,7.62,7.63,7.64,7.65,158,125,51,104,169,70,126,230,261,242
2017-05-26 09:41:47,7.6,4.0,121599.0,160.0,S,7.59,7.58,7.57,7.56,7.55,7.6,7.61,7.62,7.63,7.64,125,71,104,169,39,690,85,146,230,261
2017-05-26 09:42:02,7.6,1.0,6081.0,8.0,B,7.59,7.58,7.57,7.56,7.55,7.6,7.61,7.62,7.63,7.64,125,71,104,169,39,682,95,166,230,241
2017-05-26 09:42:17,7.59,2.0,54647.0,72.0,S,7.59,7.58,7.57,7.56,7.55,7.6,7.61,7.62,7.63,7.64,53,69,104,169,39,682,95,146,230,241
2017-05-26 09:42:29,7.59,2.0,31120.0,41.0,S,7.59,7.58,7.57,7.56,7.55,7.6,7.61,7.62,7.63,7.64,12,69,104,169,39,692,95,146,230,241
2017-05-26 09:42:35,7.59,1.0,9108.0,12.0,S,7.58,7.57,7.56,7.55,7.54,7.59,7.6,7.61,7.62,7.63,49,104,169,39,27,8,692,95,146,230
2017-05-26 09:43:05,7.59,2.0,7589.0,10.0,B,7.58,7.57,7.56,7.55,7.54,7.59,7.6,7.61,7.62,7.63,74,104,175,49,27,67,692,91,146,230
2017-05-26 09:43:08,7.59,1.0,3795.0,5.0,B,7.58,7.57,7.56,7.55,7.54,7.59,7.6,7.61,7.62,7.63,74,104,175,49,27,57,692,91,146,230
2017-05-26 09:43:11,7.59,1.0,9868.0,13.0,B,7.58,7.57,7.56,7.55,7.54,7.59,7.6,7.61,7.62,7.63,74,109,175,49,27,44,692,91,146,230
2017-05-26 09:43:20,7.59,4.0,14420.0,19.0,B,7.58,7.57,7.56,7.55,7.54,7.59,7.6,7.61,7.62,7.63,74,109,175,49,27,25,692,91,146,230
2017-05-26 09:43:35,7.59,3.0,14421.0,19.0,B,7.58,7.57,7.56,7.55,7.54,7.59,7.6,7.61,7.62,7.63,78,111,175,49,27,6,10,91,145,230
2017-05-26 09:43:44,7.59,1.0,3036.0,4.0,B,7.59,7.58,7.57,7.56,7.55,7.6,7.61,7.62,7.63,7.64,46,78,111,175,49,10,91,145,210,234
2017-05-26 09:43:53,7.59,2.0,7590.0,10.0,S,7.59,7.58,7.57,7.56,7.55,7.6,7.61,7.62,7.63,7.64,51,78,111,175,49,10,61,145,210,234
2017-05-26 09:43:56,7.6,1.0,3800.0,5.0,B,7.59,7.58,7.57,7.56,7.55,7.6,7.61,7.62,7.63,7.64,51,78,111,175,49,5,61,145,170,234
2017-05-26 09:44:08,7.6,1.0,3801.0,5.0,B,7.6,7.59,7.58,7.57,7.56,7.61,7.62,7.63,7.64,7.65,20,52,78,111,175,61,145,170,224,270
2017-05-26 09:44:32,7.6,4.0,25090.0,33.0,S,7.59,7.58,7.57,7.56,7.55,7.6,7.61,7.62,7.63,7.64,52,78,111,175,49,10,51,145,170,174
2017-05-26 09:45:08,7.6,1.0,7600.0,10.0,B,7.59,7.58,7.57,7.56,7.55,7.6,7.61,7.62,7.63,7.64,26,53,111,175,49,12,251,145,136,174
2017-05-26 09:45:14,7.6,2.0,15189.0,20.0,B,7.59,7.58,7.57,7.56,7.55,7.6,7.61,7.62,7.63,7.64,16,53,111,175,49,2,251,145,136,174
2017-05-26 09:45:44,7.6,2.0,1520.0,2.0,B,7.59,7.58,7.57,7.56,7.55,7.6,7.61,7.62,7.63,7.64,27,53,111,77,49,22,251,145,95,174
2017-05-26 09:45:47,7.6,1.0,1521.0,2.0,B,7.59,7.58,7.57,7.56,7.55,7.6,7.61,7.62,7.63,7.64,27,53,111,77,49,20,251,145,95,174
2017-05-26 09:45:50,7.6,1.0,7600.0,10.0,B,7.59,7.58,7.57,7.56,7.55,7.6,7.61,7.62,7.63,7.64,27,53,111,77,49,10,251,145,95,174
2017-05-26 09:45:59,7.6,1.0,3039.0,4.0,B,7.59,7.58,7.57,7.56,7.55,7.6,7.61,7.62,7.63,7.64,127,69,111,87,49,19,251,145,95,174
2017-05-26 09:46:02,7.6,2.0,3801.0,5.0,B,7.59,7.58,7.57,7.56,7.55,7.6,7.61,7.62,7.63,7.64,127,69,111,87,49,34,251,145,95,174
2017-05-26 09:46:35,7.59,5.0,16697.0,22.0,S,7.59,7.58,7.57,7.56,7.55,7.6,7.61,7.62,7.63,7.64,181,74,111,87,49,14,251,165,95,174
2017-05-26 09:46:50,7.59,2.0,10626.0,14.0,S,7.59,7.58,7.57,7.56,7.55,7.6,7.61,7.62,7.63,7.64,167,74,111,87,49,37,271,165,95,174
2017-05-26 09:46:56,7.6,3.0,17480.0,23.0,B,7.59,7.58,7.57,7.56,7.55,7.6,7.61,7.62,7.63,7.64,167,74,111,87,49,19,271,165,95,174
2017-05-26 09:46:59,7.6,1.0,4561.0,6.0,B,7.59,7.58,7.57,7.56,7.55,7.6,7.61,7.62,7.63,7.64,167,74,111,87,49,37,271,165,95,177
2017-05-26 09:47:23,7.59,1.0,29601.0,39.0,S,7.59,7.58,7.57,7.56,7.55,7.6,7.61,7.62,7.63,7.64,128,74,111,81,49,72,271,165,95,177
2017-05-26 09:47:26,7.59,3.0,6831.0,9.0,S,7.59,7.58,7.57,7.56,7.55,7.6,7.61,7.62,7.63,7.64,119,74,111,81,49,77,271,165,95,177
2017-05-26 09:47:32,7.59,3.0,6076.0,8.0,S,7.59,7.58,7.57,7.56,7.55,7.6,7.61,7.62,7.63,7.64,115,74,111,81,49,73,271,165,95,177
2017-05-26 09:47:38,7.59,1.0,1518.0,2.0,S,7.59,7.58,7.57,7.56,7.55,7.6,7.61,7.62,7.63,7.64,113,74,111,81,49,75,271,165,95,177
2017-05-26 09:47:41,7.6,2.0,4560.0,6.0,B,7.59,7.58,7.57,7.56,7.55,7.6,7.61,7.62,7.63,7.64,113,74,111,81,49,69,271,165,95,177
2017-05-26 09:48:05,7.6,3.0,22799.0,30.0,B,7.59,7.58,7.57,7.56,7.55,7.6,7.61,7.62,7.63,7.64,120,74,111,76,49,239,271,165,95,177
2017-05-26 09:48:14,7.59,5.0,91080.0,120.0,S,7.58,7.57,7.56,7.55,7.54,7.59,7.6,7.61,7.62,7.63,74,111,76,49,18,140,273,271,165,95
2017-05-26 09:48:20,7.58,1.0,7581.0,10.0,S,7.58,7.57,7.56,7.55,7.54,7.59,7.6,7.61,7.62,7.63,64,106,76,49,18,140,273,271,165,95
2017-05-26 09:48:26,7.58,1.0,3789.0,5.0,S,7.58,7.57,7.56,7.55,7.54,7.59,7.6,7.61,7.62,7.63,59,106,76,49,18,141,273,271,165,95
2017-05-26 09:48:47,7.58,1.0,5307.0,7.0,S,7.58,7.57,7.56,7.55,7.54,7.59,7.6,7.61,7.62,7.63,64,106,76,49,18,155,173,271,75,95
2017-05-26 09:48:59,7.58,1.0,6063.0,8.0,S,7.58,7.57,7.56,7.55,7.54,7.59,7.6,7.61,7.62,7.63,56,106,76,49,18,15,173,271,75,95
2017-05-26 09:49:05,7.58,3.0,7581.0,10.0,S,7.58,7.57,7.56,7.55,7.54,7.59,7.6,7.61,7.62,7.63,46,106,76,49,18,15,73,271,75,95
2017-05-26 09:49:38,7.58,5.0,28045.0,37.0,S,7.57,7.56,7.55,7.54,7.53,7.58,7.59,7.6,7.61,7.62,199,76,49,18,105,52,27,59,271,78
2017-05-26 09:49:53,7.58,1.0,9097.0,12.0,B,7.57,7.56,7.55,7.54,7.53,7.58,7.59,7.6,7.61,7.62,199,76,49,18,105,40,17,63,271,78
2017-05-26 09:50:14,7.58,2.0,2273.0,3.0,S,7.57,7.56,7.55,7.54,7.53,7.58,7.59,7.6,7.61,7.62,199,76,49,18,105,107,17,85,271,78
2017-05-26 09:50:17,7.57,2.0,30281.0,40.0,S,7.57,7.56,7.55,7.54,7.53,7.58,7.59,7.6,7.61,7.62,159,76,49,18,105,107,17,85,271,78
2017-05-26 09:50:29,7.58,1.0,758.0,1.0,B,7.57,7.56,7.55,7.54,7.53,7.58,7.59,7.6,7.61,7.62,159,76,63,18,105,106,17,85,71,78
2017-05-26 09:50:41,7.58,1.0,757.0,1.0,B,7.57,7.56,7.55,7.54,7.53,7.58,7.59,7.6,7.61,7.62,157,76,63,48,105,105,17,85,71,78
2017-05-26 09:50:44,7.57,1.0,758.0,1.0,S,7.57,7.56,7.55,7.54,7.53,7.58,7.59,7.6,7.61,7.62,156,71,63,48,105,108,17,85,71,78
2017-05-26 09:51:17,7.57,1.0,30279.0,40.0,S,7.57,7.56,7.55,7.54,7.53,7.58,7.59,7.6,7.61,7.62,187,104,63,71,105,108,17,75,71,78
2017-05-26 09:51:41,7.57,1.0,10598.0,14.0,S,7.57,7.56,7.55,7.54,7.53,7.58,7.59,7.6,7.61,7.62,193,104,73,74,105,98,17,75,71,78
2017-05-26 09:51:59,7.57,4.0,90841.0,120.0,S,7.57,7.56,7.55,7.54,7.53,7.58,7.59,7.6,7.61,7.62,73,104,73,74,105,98,17,65,71,78
2017-05-26 09:52:08,7.57,1.0,6056.0,8.0,S,7.57,7.56,7.55,7.54,7.53,7.58,7.59,7.6,7.61,7.62,65,98,73,74,105,98,17,65,71,78
2017-05-26 09:52:20,7.57,1.0,2271.0,3.0,S,7.57,7.56,7.55,7.54,7.53,7.58,7.59,7.6,7.61,7.62,62,98,73,74,105,98,17,65,71,78
2017-05-26 09:52:35,7.58,1.0,757.0,1.0,B,7.57,7.56,7.55,7.54,7.53,7.58,7.59,7.6,7.61,7.62,62,98,73,74,105,97,17,65,71,78
2017-05-26 09:52:38,7.57,1.0,3786.0,5.0,S,7.57,7.56,7.55,7.54,7.53,7.58,7.59,7.6,7.61,7.62,57,98,73,74,105,97,17,65,71,78
2017-05-26 09:53:08,7.58,1.0,3032.0,4.0,B,7.57,7.56,7.55,7.54,7.53,7.58,7.59,7.6,7.61,7.62,57,98,73,93,105,93,17,65,71,78
2017-05-26 09:53:17,7.57,1.0,21196.0,28.0,S,7.57,7.56,7.55,7.54,7.53,7.58,7.59,7.6,7.61,7.62,29,98,73,93,110,93,17,65,71,78
2017-05-26 09:53:29,7.57,1.0,3785.0,5.0,S,7.57,7.56,7.55,7.54,7.53,7.58,7.59,7.6,7.61,7.62,24,98,73,93,110,103,17,45,71,78
2017-05-26 09:53:59,7.56,5.0,37823.0,50.0,S,7.56,7.55,7.54,7.53,7.52,7.58,7.59,7.6,7.61,7.62,72,78,93,147,545,123,17,45,71,78
2017-05-26 09:54:20,7.56,1.0,1513.0,2.0,S,7.56,7.55,7.54,7.53,7.52,7.57,7.58,7.59,7.6,7.61,70,78,93,147,545,20,123,17,45,71
2017-05-26 09:54:59,7.56,2.0,7559.0,10.0,S,7.56,7.55,7.54,7.53,7.52,7.57,7.58,7.59,7.6,7.61,69,83,93,142,545,40,113,17,74,71
2017-05-26 09:55:23,7.56,3.0,7561.0,10.0,S,7.56,7.55,7.54,7.53,7.52,7.57,7.58,7.59,7.6,7.61,59,83,93,183,545,40,113,17,74,71
2017-05-26 09:55:32,7.56,1.0,756.0,1.0,S,7.56,7.55,7.54,7.53,7.52,7.57,7.58,7.59,7.6,7.61,68,83,103,183,545,40,113,17,74,71
2017-05-26 09:55:38,7.56,1.0,2268.0,3.0,S,7.56,7.55,7.54,7.53,7.52,7.57,7.58,7.59,7.6,7.61,65,83,103,183,545,40,113,17,72,71
2017-05-26 09:55:41,7.56,1.0,4535.0,6.0,S,7.56,7.55,7.54,7.53,7.52,7.57,7.58,7.59,7.6,7.61,59,83,103,183,545,40,113,17,72,71
2017-05-26 09:55:47,7.56,1.0,3024.0,4.0,S,7.56,7.55,7.54,7.53,7.52,7.57,7.58,7.59,7.6,7.61,46,83,103,183,545,40,113,17,72,71
2017-05-26 09:55:53,7.56,1.0,6805.0,9.0,S,7.56,7.55,7.54,7.53,7.52,7.57,7.58,7.59,7.6,7.61,37,83,103,183,545,40,113,17,72,71
2017-05-26 09:55:59,7.56,1.0,5291.0,7.0,S,7.56,7.55,7.54,7.53,7.52,7.57,7.58,7.59,7.6,7.61,30,83,103,183,545,40,113,17,72,71
2017-05-26 09:56:02,7.56,1.0,15121.0,20.0,S,7.56,7.55,7.54,7.53,7.52,7.57,7.58,7.59,7.6,7.61,30,83,103,183,545,40,113,17,72,71
2017-05-26 09:56:05,7.56,1.0,6804.0,9.0,S,7.56,7.55,7.54,7.53,7.52,7.57,7.58,7.59,7.6,7.61,21,83,103,183,545,40,113,17,72,71
2017-05-26 09:56:17,7.55,4.0,21916.0,29.0,S,7.55,7.54,7.53,7.52,7.51,7.56,7.57,7.58,7.59,7.6,75,73,183,545,74,279,40,113,17,72
2017-05-26 09:56:50,7.55,1.0,5285.0,7.0,S,7.55,7.54,7.53,7.52,7.51,7.56,7.57,7.58,7.59,7.6,73,113,183,545,70,284,40,73,17,72
2017-05-26 09:57:05,7.55,7.0,55115.0,73.0,S,7.54,7.53,7.52,7.51,7.5,7.55,7.56,7.57,7.58,7.59,133,183,545,70,102,130,284,40,73,17
2017-05-26 09:57:38,7.54,1.0,1507.0,2.0,S,7.54,7.53,7.52,7.51,7.5,7.55,7.56,7.57,7.58,7.59,131,183,545,70,102,130,284,30,43,17
2017-05-26 09:57:41,7.54,3.0,23375.0,31.0,S,7.54,7.53,7.52,7.51,7.5,7.55,7.56,7.57,7.58,7.59,100,183,545,70,102,130,284,30,43,17
2017-05-26 09:57:53,7.54,3.0,18096.0,24.0,S,7.54,7.53,7.52,7.51,7.5,7.55,7.56,7.57,7.58,7.59,76,188,545,70,102,130,284,30,43,17
2017-05-26 09:57:59,7.54,3.0,18096.0,24.0,S,7.54,7.53,7.52,7.51,7.5,7.55,7.56,7.57,7.58,7.59,52,188,545,70,102,130,284,30,43,17
2017-05-26 09:58:23,7.54,1.0,11310.0,15.0,S,7.54,7.53,7.52,7.51,7.5,7.55,7.56,7.57,7.58,7.59,52,188,557,70,102,130,284,30,43,17
2017-05-26 09:58:26,7.54,2.0,15079.0,20.0,S,7.54,7.53,7.52,7.51,7.5,7.55,7.56,7.57,7.58,7.59,32,188,577,70,102,130,284,30,43,17
2017-05-26 09:58:38,7.54,1.0,1508.0,2.0,S,7.54,7.53,7.52,7.51,7.5,7.55,7.56,7.57,7.58,7.59,65,288,577,70,102,130,284,30,43,15
2017-05-26 09:58:41,7.54,1.0,3017.0,4.0,S,7.54,7.53,7.52,7.51,7.5,7.55,7.56,7.57,7.58,7.59,61,288,577,70,102,130,284,30,43,15
2017-05-26 09:58:47,7.54,5.0,45993.0,61.0,S,7.54,7.53,7.52,7.51,7.5,7.55,7.56,7.57,7.58,7.59,10,288,577,70,102,130,284,30,43,15
2017-05-26 09:58:53,7.54,1.0,7540.0,10.0,S,7.53,7.52,7.51,7.5,7.49,7.54,7.55,7.56,7.57,7.58,288,577,70,102,27,40,130,284,30,43
2017-05-26 09:58:56,7.54,1.0,7541.0,10.0,B,7.53,7.52,7.51,7.5,7.49,7.54,7.55,7.56,7.57,7.58,288,577,70,102,27,30,130,284,30,43
2017-05-26 09:58:59,7.54,1.0,9802.0,13.0,B,7.53,7.52,7.51,7.5,7.49,7.54,7.55,7.56,7.57,7.58,288,577,70,102,27,17,130,284,30,43
2017-05-26 09:59:11,7.54,2.0,12817.0,17.0,B,7.54,7.53,7.52,7.51,7.5,7.55,7.56,7.57,7.58,7.59,32,288,577,70,102,130,284,30,43,45
2017-05-26 09:59:17,7.54,1.0,2262.0,3.0,S,7.54,7.53,7.52,7.51,7.5,7.55,7.56,7.57,7.58,7.59,62,288,577,65,102,130,284,30,43,45
2017-05-26 09:59:26,7.55,1.0,45300.0,60.0,B,7.54,7.53,7.52,7.51,7.5,7.55,7.56,7.57,7.58,7.59,62,288,577,65,102,70,284,30,43,45
2017-05-26 09:59:32,7.54,1.0,5278.0,7.0,S,7.54,7.53,7.52,7.51,7.5,7.55,7.56,7.57,7.58,7.59,55,288,577,65,102,70,284,30,43,45
2017-05-26 09:59:56,7.55,1.0,7550.0,10.0,B,7.54,7.53,7.52,7.51,7.5,7.55,7.56,7.57,7.58,7.59,67,288,577,65,107,60,279,20,43,45
2017-05-26 10:00:02,7.55,1.0,7551.0,10.0,B,7.54,7.53,7.52,7.51,7.5,7.55,7.56,7.57,7.58,7.59,84,288,577,65,107,50,279,20,43,45
2017-05-26 10:00:38,7.55,1.0,7550.0,10.0,B,7.54,7.53,7.52,7.51,7.5,7.55,7.56,7.57,7.58,7.59,119,288,577,65,107,40,282,20,43,45
2017-05-26 10:00:50,7.54,1.0,14325.0,19.0,S,7.54,7.53,7.52,7.51,7.5,7.55,7.56,7.57,7.58,7.59,105,288,577,65,107,40,282,20,43,45
2017-05-26 10:01:08,7.54,3.0,18097.0,24.0,S,7.54,7.53,7.52,7.51,7.5,7.55,7.56,7.57,7.58,7.59,101,318,577,65,107,40,282,20,48,45
2017-05-26 10:01:20,7.54,2.0,10557.0,14.0,S,7.54,7.53,7.52,7.51,7.5,7.55,7.56,7.57,7.58,7.59,89,318,577,105,107,88,282,20,48,45
2017-05-26 10:01:26,7.55,3.0,58135.0,77.0,B,7.54,7.53,7.52,7.51,7.5,7.55,7.56,7.57,7.58,7.59,89,318,577,105,107,11,282,20,48,45
2017-05-26 10:01:29,7.55,1.0,1510.0,2.0,B,7.54,7.53,7.52,7.51,7.5,7.55,7.56,7.57,7.58,7.59,89,318,577,105,107,9,282,20,48,45
2017-05-26 10:01:38,7.54,1.0,1508.0,2.0,S,7.54,7.53,7.52,7.51,7.5,7.55,7.56,7.57,7.58,7.59,82,247,577,105,107,9,282,20,48,45
2017-05-26 10:02:35,7.55,1.0,1510.0,2.0,B,7.54,7.53,7.52,7.51,7.5,7.55,7.56,7.57,7.58,7.59,67,252,627,105,137,190,282,20,48,45
2017-05-26 10:02:41,7.54,1.0,3017.0,4.0,S,7.54,7.53,7.52,7.51,7.5,7.55,7.56,7.57,7.58,7.59,63,252,627,105,137,190,282,20,48,45
2017-05-26 10:03:32,7.55,3.0,9059.0,12.0,B,7.54,7.53,7.52,7.51,7.5,7.55,7.56,7.57,7.58,7.59,137,263,627,105,106,109,282,20,48,45
2017-05-26 10:03:35,7.54,2.0,3771.0,5.0,S,7.54,7.53,7.52,7.51,7.5,7.55,7.56,7.57,7.58,7.59,132,263,627,105,106,143,282,20,48,45
2017-05-26 10:03:38,7.54,8.0,99528.0,132.0,S,7.53,7.52,7.51,7.5,7.49,7.54,7.55,7.56,7.57,7.58,263,627,105,106,27,198,143,282,20,48
2017-05-26 10:03:44,7.54,1.0,3015.0,4.0,B,7.53,7.52,7.51,7.5,7.49,7.54,7.55,7.56,7.57,7.58,263,627,105,106,27,194,143,282,20,48
2017-05-26 10:03:59,7.53,2.0,22602.0,30.0,S,7.53,7.52,7.51,7.5,7.49,7.55,7.56,7.57,7.58,7.59,278,627,105,106,27,151,282,20,48,45
2017-05-26 10:04:14,7.55,1.0,755.0,1.0,B,7.53,7.52,7.51,7.5,7.49,7.55,7.56,7.57,7.58,7.59,278,627,105,106,27,152,282,20,51,45
2017-05-26 10:04:20,7.55,3.0,90599.0,120.0,B,7.53,7.52,7.51,7.5,7.49,7.55,7.56,7.57,7.58,7.59,278,627,105,106,27,32,282,20,51,45
2017-05-26 10:04:38,7.55,1.0,6796.0,9.0,B,7.54,7.53,7.52,7.51,7.5,7.55,7.56,7.57,7.58,7.59,87,278,627,105,106,25,282,20,51,45
2017-05-26 10:05:08,7.55,5.0,18875.0,25.0,B,7.55,7.54,7.53,7.52,7.51,7.56,7.57,7.58,7.59,7.6,2,118,303,627,105,282,20,51,45,77
2017-05-26 10:05:23,7.56,1.0,6804.0,9.0,B,7.55,7.54,7.53,7.52,7.51,7.56,7.57,7.58,7.59,7.6,2,61,303,630,105,273,20,51,45,77
2017-05-26 10:05:32,7.56,3.0,43091.0,57.0,B,7.55,7.54,7.53,7.52,7.51,7.56,7.57,7.58,7.59,7.6,22,111,303,630,109,216,20,51,45,77
2017-05-26 10:05:35,7.56,1.0,52920.0,70.0,B,7.55,7.54,7.53,7.52,7.51,7.56,7.57,7.58,7.59,7.6,22,111,303,630,109,146,20,51,45,77
2017-05-26 10:05:44,7.56,1.0,26461.0,35.0,B,7.55,7.54,7.53,7.52,7.51,7.56,7.57,7.58,7.59,7.6,22,111,303,630,109,113,20,51,45,77
2017-05-26 10:05:50,7.56,1.0,26459.0,35.0,B,7.55,7.54,7.53,7.52,7.51,7.56,7.57,7.58,7.59,7.6,22,111,288,630,109,78,20,51,45,77
2017-05-26 10:06:05,7.56,1.0,25705.0,34.0,B,7.55,7.54,7.53,7.52,7.51,7.56,7.57,7.58,7.59,7.6,22,111,288,630,109,44,20,51,45,77
2017-05-26 10:06:17,7.56,4.0,34020.0,45.0,B,7.56,7.55,7.54,7.53,7.52,7.57,7.58,7.59,7.6,7.61,5,39,111,288,630,20,51,45,77,63
2017-05-26 10:06:29,7.57,1.0,4542.0,6.0,B,7.56,7.55,7.54,7.53,7.52,7.57,7.58,7.59,7.6,7.61,5,54,111,288,630,14,51,45,77,63
2017-05-26 10:06:41,7.56,1.0,3779.0,5.0,S,7.55,7.54,7.53,7.52,7.51,7.56,7.57,7.58,7.59,7.6,54,131,288,630,109,6,14,51,45,77
2017-05-26 10:06:44,7.56,1.0,3781.0,5.0,B,7.55,7.54,7.53,7.52,7.51,7.56,7.57,7.58,7.59,7.6,54,131,288,630,109,1,14,51,45,77
2017-05-26 10:06:53,7.56,1.0,755.0,1.0,B,7.56,7.55,7.54,7.53,7.52,7.57,7.58,7.59,7.6,7.61,14,54,131,288,630,14,51,45,77,63
2017-05-26 10:06:56,7.57,1.0,1514.0,2.0,B,7.56,7.55,7.54,7.53,7.52,7.57,7.58,7.59,7.6,7.61,14,69,131,288,630,12,51,45,77,63
2017-05-26 10:07:50,7.56,1.0,4536.0,6.0,S,7.56,7.55,7.54,7.53,7.52,7.57,7.58,7.59,7.6,7.61,23,69,151,288,630,12,51,45,127,63
2017-05-26 10:08:02,7.57,2.0,9084.0,12.0,B,7.57,7.56,7.55,7.54,7.53,7.58,7.59,7.6,7.61,7.62,88,23,69,151,288,51,45,127,63,78
2017-05-26 10:08:20,7.58,1.0,5307.0,7.0,B,7.57,7.56,7.55,7.54,7.53,7.58,7.59,7.6,7.61,7.62,88,23,69,166,293,55,45,127,63,78
2017-05-26 10:08:41,7.58,2.0,11369.0,15.0,B,7.57,7.56,7.55,7.54,7.53,7.58,7.59,7.6,7.61,7.62,88,8,69,166,303,68,50,127,63,78
2017-05-26 10:08:44,7.58,6.0,37900.0,50.0,B,7.57,7.56,7.55,7.54,7.53,7.58,7.59,7.6,7.61,7.62,88,8,69,166,303,18,50,127,63,78
2017-05-26 10:09:02,7.58,1.0,13644.0,18.0,B,7.58,7.57,7.56,7.55,7.54,7.59,7.6,7.61,7.62,7.63,6,88,8,69,166,50,127,63,78,120
2017-05-26 10:09:29,7.59,6.0,38710.0,51.0,B,7.59,7.58,7.57,7.56,7.55,7.6,7.61,7.62,7.63,7.64,25,16,88,18,70,78,63,78,120,180
2017-05-26 10:09:44,7.59,1.0,5313.0,7.0,S,7.59,7.58,7.57,7.56,7.55,7.6,7.61,7.62,7.63,7.64,117,16,88,18,80,79,63,78,120,180
2017-05-26 10:09:50,7.6,1.0,759.0,1.0,B,7.59,7.58,7.57,7.56,7.55,7.6,7.61,7.62,7.63,7.64,117,16,88,48,80,78,63,78,120,180
2017-05-26 10:09:56,7.59,2.0,15181.0,20.0,S,7.59,7.58,7.57,7.56,7.55,7.6,7.61,7.62,7.63,7.64,97,10,88,48,80,83,63,78,120,180
2017-05-26 10:10:29,7.59,1.0,11384.0,15.0,S,7.59,7.58,7.57,7.56,7.55,7.6,7.61,7.62,7.63,7.64,184,10,88,48,80,133,185,158,122,139
2017-05-26 10:10:35,7.59,3.0,41746.0,55.0,S,7.59,7.58,7.57,7.56,7.55,7.6,7.61,7.62,7.63,7.64,129,10,88,48,80,143,255,158,122,139
2017-05-26 10:10:41,7.59,2.0,97910.0,129.0,S,7.58,7.57,7.56,7.55,7.54,7.6,7.61,7.62,7.63,7.64,10,88,48,80,166,134,255,158,122,139
2017-05-26 10:10:53,7.58,1.0,7581.0,10.0,S,7.57,7.56,7.55,7.54,7.53,7.6,7.61,7.62,7.63,7.64,88,48,80,166,303,134,255,166,144,139
2017-05-26 10:11:02,7.59,1.0,7589.0,10.0,B,7.57,7.56,7.55,7.54,7.53,7.59,7.6,7.61,7.62,7.63,88,48,80,166,303,10,134,255,166,144
2017-05-26 10:11:20,7.59,1.0,1518.0,2.0,B,7.58,7.57,7.56,7.55,7.54,7.59,7.6,7.61,7.62,7.63,16,88,40,105,166,210,174,255,166,144
2017-05-26 10:11:26,7.58,1.0,7580.0,10.0,S,7.58,7.57,7.56,7.55,7.54,7.59,7.6,7.61,7.62,7.63,6,88,40,105,166,210,174,255,166,144
2017-05-26 10:11:41,7.59,2.0,4554.0,6.0,B,7.58,7.57,7.56,7.55,7.54,7.59,7.6,7.61,7.62,7.63,6,88,40,105,166,224,174,255,166,144
2017-05-26 10:12:17,7.58,1.0,4548.0,6.0,S,7.57,7.56,7.55,7.54,7.53,7.58,7.59,7.6,7.61,7.62,88,40,105,136,289,4,364,104,155,166
2017-05-26 10:15:05,7.57,1.0,2272.0,3.0,S,7.57,7.56,7.55,7.54,7.53,7.58,7.59,7.6,7.61,7.62,105,40,129,136,288,52,364,207,156,146
2017-05-26 10:15:08,7.58,3.0,7579.0,10.0,B,7.57,7.56,7.55,7.54,7.53,7.58,7.59,7.6,7.61,7.62,105,40,129,136,288,42,364,207,156,149
2017-05-26 10:16:02,7.57,1.0,1515.0,2.0,S,7.57,7.56,7.55,7.54,7.53,7.58,7.59,7.6,7.61,7.62,103,60,119,136,288,62,364,207,156,149
2017-05-26 10:16:29,7.57,3.0,89326.0,118.0,S,7.56,7.55,7.54,7.53,7.52,7.57,7.58,7.59,7.6,7.61,60,119,136,288,275,65,62,364,206,156
2017-05-26 10:17:17,7.57,3.0,37093.0,49.0,B,7.56,7.55,7.54,7.53,7.52,7.57,7.58,7.59,7.6,7.61,60,114,136,288,275,75,82,364,206,156
2017-05-26 10:17:23,7.57,4.0,48447.0,64.0,B,7.56,7.55,7.54,7.53,7.52,7.57,7.58,7.59,7.6,7.61,60,114,136,288,275,11,82,364,206,156
2017-05-26 10:17:26,7.57,1.0,7570.0,10.0,B,7.56,7.55,7.54,7.53,7.52,7.57,7.58,7.59,7.6,7.61,60,114,136,288,275,1,82,364,206,156
2017-05-26 10:17:29,7.57,1.0,757.0,1.0,B,7.57,7.56,7.55,7.54,7.53,7.58,7.59,7.6,7.61,7.62,39,60,114,136,288,82,364,206,156,149
2017-05-26 10:17:32,7.57,1.0,1515.0,2.0,S,7.57,7.56,7.55,7.54,7.53,7.58,7.59,7.6,7.61,7.62,37,60,114,136,288,62,364,206,156,149
2017-05-26 10:17:47,7.58,1.0,758.0,1.0,B,7.57,7.56,7.55,7.54,7.53,7.58,7.59,7.6,7.61,7.62,37,60,114,136,288,61,364,196,156,149
2017-05-26 10:17:50,7.58,6.0,30319.0,40.0,B,7.57,7.56,7.55,7.54,7.53,7.58,7.59,7.6,7.61,7.62,51,60,114,136,288,21,364,196,156,149
2017-05-26 10:17:53,7.58,2.0,7581.0,10.0,B,7.57,7.56,7.55,7.54,7.53,7.58,7.59,7.6,7.61,7.62,51,60,114,136,288,11,364,196,161,149
2017-05-26 10:18:08,7.59,6.0,31107.0,41.0,B,7.57,7.56,7.55,7.54,7.53,7.59,7.6,7.61,7.62,7.63,51,60,114,136,288,335,196,211,149,141
2017-05-26 10:18:44,7.58,1.0,6064.0,8.0,B,7.57,7.56,7.55,7.54,7.53,7.58,7.59,7.6,7.61,7.62,37,60,114,186,288,16,335,183,206,109
2017-05-26 10:19:02,7.58,1.0,7580.0,10.0,B,7.57,7.56,7.55,7.54,7.53,7.58,7.59,7.6,7.61,7.62,116,60,114,186,288,460,335,183,206,112
2017-05-26 10:19:23,7.57,3.0,33308.0,44.0,S,7.57,7.56,7.55,7.54,7.53,7.58,7.59,7.6,7.61,7.62,72,80,108,186,288,472,335,183,206,112
2017-05-26 10:19:26,7.58,3.0,75799.0,100.0,B,7.57,7.56,7.55,7.54,7.53,7.58,7.59,7.6,7.61,7.62,72,80,108,186,288,372,335,183,206,112
2017-05-26 10:20:44,7.57,1.0,1514.0,2.0,S,7.57,7.56,7.55,7.54,7.53,7.58,7.59,7.6,7.61,7.62,75,50,108,196,288,118,335,183,206,104
2017-05-26 10:20:53,7.57,1.0,9842.0,13.0,S,7.57,7.56,7.55,7.54,7.53,7.58,7.59,7.6,7.61,7.62,62,50,108,196,288,118,335,183,206,104
2017-05-26 10:20:59,7.57,3.0,24982.0,33.0,S,7.57,7.56,7.55,7.54,7.53,7.58,7.59,7.6,7.61,7.62,30,50,108,196,288,117,335,183,206,104
2017-05-26 10:21:02,7.57,3.0,8327.0,11.0,S,7.57,7.56,7.55,7.54,7.53,7.58,7.59,7.6,7.61,7.62,19,50,113,196,288,117,335,183,206,104
2017-05-26 10:21:26,7.57,1.0,7570.0,10.0,S,7.57,7.56,7.55,7.54,7.53,7.58,7.59,7.6,7.61,7.62,9,50,113,196,288,117,335,183,206,104
2017-05-26 10:21:32,7.57,1.0,2270.0,3.0,S,7.57,7.56,7.55,7.54,7.53,7.58,7.59,7.6,7.61,7.62,6,50,113,196,288,117,335,183,206,104
2017-05-26 10:22:02,7.58,4.0,68221.0,90.0,B,7.57,7.56,7.55,7.54,7.53,7.58,7.59,7.6,7.61,7.62,6,50,122,146,288,28,335,193,206,104
2017-05-26 10:22:14,7.58,1.0,15918.0,21.0,B,7.57,7.56,7.55,7.54,7.53,7.58,7.59,7.6,7.61,7.62,6,50,122,146,288,7,335,193,206,104
2017-05-26 10:22:32,7.57,1.0,756.0,1.0,S,7.57,7.56,7.55,7.54,7.53,7.58,7.59,7.6,7.61,7.62,5,50,122,146,288,7,335,193,211,104
2017-05-26 10:22:41,7.58,2.0,5307.0,7.0,B,7.58,7.57,7.56,7.55,7.54,7.59,7.6,7.61,7.62,7.63,3,5,50,122,146,335,193,211,104,172
2017-05-26 10:22:44,7.56,5.0,43859.0,58.0,S,7.55,7.54,7.53,7.52,7.51,7.56,7.59,7.6,7.61,7.62,122,146,288,245,98,208,335,193,211,104
2017-05-26 10:22:47,7.56,1.0,2267.0,3.0,B,7.55,7.54,7.53,7.52,7.51,7.56,7.59,7.6,7.61,7.62,122,146,288,245,98,205,335,193,211,104
2017-05-26 10:22:53,7.56,1.0,3781.0,5.0,B,7.55,7.54,7.53,7.52,7.51,7.56,7.57,7.59,7.6,7.61,122,146,288,245,98,200,20,335,193,211
2017-05-26 10:23:02,7.55,1.0,755.0,1.0,S,7.55,7.54,7.53,7.52,7.51,7.56,7.57,7.58,7.59,7.6,121,146,288,295,98,200,20,2,335,193
2017-05-26 10:23:11,7.56,1.0,7559.0,10.0,B,7.55,7.54,7.53,7.52,7.51,7.56,7.57,7.58,7.59,7.6,131,146,288,295,98,195,20,2,335,193
2017-05-26 10:23:23,7.56,1.0,7560.0,10.0,B,7.55,7.54,7.53,7.52,7.51,7.56,7.57,7.58,7.59,7.6,181,146,288,295,98,185,20,2,335,193
2017-05-26 10:23:29,7.55,2.0,1511.0,2.0,S,7.55,7.54,7.53,7.52,7.51,7.56,7.57,7.58,7.59,7.6,179,146,288,295,98,185,20,2,335,193
2017-05-26 10:23:38,7.55,14.0,135144.0,179.0,S,7.54,7.53,7.52,7.51,7.5,7.55,7.56,7.57,7.58,7.59,146,288,295,98,115,131,185,20,2,335
2017-05-26 10:23:41,7.55,1.0,6041.0,8.0,B,7.54,7.53,7.52,7.51,7.5,7.55,7.56,7.57,7.58,7.59,146,288,295,98,115,128,185,20,2,335
2017-05-26 10:24:02,7.54,2.0,1507.0,2.0,S,7.54,7.53,7.52,7.51,7.5,7.55,7.56,7.57,7.58,7.59,144,288,295,98,115,128,180,20,61,335
2017-05-26 10:24:08,7.54,1.0,4524.0,6.0,S,7.54,7.53,7.52,7.51,7.5,7.55,7.56,7.57,7.58,7.59,138,288,295,98,115,128,180,20,61,335
2017-05-26 10:24:23,7.54,1.0,1508.0,2.0,S,7.54,7.53,7.52,7.51,7.5,7.55,7.56,7.57,7.58,7.59,144,288,295,95,115,5,180,20,61,335
2017-05-26 10:24:47,7.54,5.0,92742.0,123.0,S,7.54,7.53,7.52,7.51,7.5,7.55,7.56,7.57,7.58,7.59,21,295,295,96,121,5,180,20,61,335
2017-05-26 10:24:56,7.54,2.0,3771.0,5.0,S,7.54,7.53,7.52,7.51,7.5,7.55,7.56,7.57,7.58,7.59,16,295,295,96,121,5,180,230,61,335
2017-05-26 10:25:02,7.54,1.0,1508.0,2.0,S,7.54,7.53,7.52,7.51,7.5,7.55,7.56,7.57,7.58,7.59,16,295,295,96,121,5,180,230,61,335
2017-05-26 10:25:08,7.55,1.0,3775.0,5.0,B,7.55,7.54,7.53,7.52,7.51,7.56,7.57,7.58,7.59,7.6,5,26,295,295,96,180,230,61,335,193
2017-05-26 10:25:32,7.55,1.0,3774.0,5.0,S,7.54,7.53,7.52,7.51,7.5,7.56,7.57,7.58,7.59,7.6,61,285,295,96,121,180,230,61,335,193
2017-05-26 10:25:38,7.54,6.0,45995.0,61.0,S,7.53,7.52,7.51,7.5,7.49,7.54,7.56,7.57,7.58,7.59,285,295,96,121,49,39,180,230,61,335
2017-05-26 10:25:41,7.54,3.0,2262.0,3.0,B,7.53,7.52,7.51,7.5,7.49,7.54,7.56,7.57,7.58,7.59,385,295,96,121,49,36,180,230,61,335
2017-05-26 10:25:44,7.54,2.0,1507.0,2.0,B,7.53,7.52,7.51,7.5,7.49,7.54,7.56,7.57,7.58,7.59,385,295,96,121,49,34,180,230,61,335
2017-05-26 10:25:47,7.54,2.0,1508.0,2.0,B,7.53,7.52,7.51,7.5,7.49,7.54,7.56,7.57,7.58,7.59,385,295,96,121,49,32,180,230,61,335
2017-05-26 10:25:50,7.54,3.0,2262.0,3.0,B,7.53,7.52,7.51,7.5,7.49,7.54,7.56,7.57,7.58,7.59,385,295,96,121,49,29,180,230,61,335
2017-05-26 10:25:53,7.54,2.0,1508.0,2.0,B,7.53,7.52,7.51,7.5,7.49,7.54,7.56,7.57,7.58,7.59,385,295,96,121,49,27,180,230,61,335
2017-05-26 10:25:56,7.54,2.0,21112.0,28.0,B,7.53,7.52,7.51,7.5,7.49,7.56,7.57,7.58,7.59,7.6,384,295,96,121,49,180,230,61,335,193
2017-05-26 10:26:32,7.54,1.0,754.0,1.0,B,7.54,7.53,7.52,7.51,7.5,7.56,7.57,7.58,7.59,7.6,17,400,295,109,121,181,230,61,305,203
2017-05-26 10:26:53,7.55,1.0,1509.0,2.0,B,7.54,7.53,7.52,7.51,7.5,7.55,7.56,7.57,7.58,7.59,24,441,295,109,221,3,181,230,540,305
2017-05-26 10:26:59,7.54,1.0,754.0,1.0,S,7.54,7.53,7.52,7.51,7.5,7.55,7.56,7.57,7.58,7.59,23,441,295,129,221,3,181,230,540,305
2017-05-26 10:27:02,7.54,1.0,754.0,1.0,S,7.54,7.53,7.52,7.51,7.5,7.55,7.56,7.57,7.58,7.59,22,435,295,129,221,3,181,230,540,305
2017-05-26 10:27:47,7.54,4.0,19605.0,26.0,S,7.54,7.53,7.52,7.51,7.5,7.55,7.56,7.57,7.58,7.59,23,418,305,131,221,33,181,230,540,305
2017-05-26 10:27:59,7.55,3.0,26424.0,35.0,B,7.55,7.54,7.53,7.52,7.51,7.56,7.57,7.58,7.59,7.6,30,92,418,305,131,181,230,540,305,184
2017-05-26 10:28:02,7.55,1.0,756.0,1.0,S,7.55,7.54,7.53,7.52,7.51,7.56,7.57,7.58,7.59,7.6,29,92,418,305,131,181,230,540,305,183
2017-05-26 10:28:11,7.55,1.0,1510.0,2.0,S,7.55,7.54,7.53,7.52,7.51,7.56,7.57,7.58,7.59,7.6,27,93,418,305,131,181,230,540,305,183
2017-05-26 10:28:29,7.55,1.0,1510.0,2.0,S,7.55,7.54,7.53,7.52,7.51,7.56,7.57,7.58,7.59,7.6,25,382,418,305,131,181,230,540,305,183
2017-05-26 10:28:38,7.55,1.0,755.0,1.0,S,7.55,7.54,7.53,7.52,7.51,7.56,7.57,7.58,7.59,7.6,24,382,418,305,131,181,230,540,305,183
2017-05-26 10:28:41,7.56,1.0,755.0,1.0,B,7.55,7.54,7.53,7.52,7.51,7.56,7.57,7.58,7.59,7.6,24,382,377,305,131,180,230,540,305,183
2017-05-26 10:28:47,7.54,4.0,22644.0,30.0,S,7.54,7.53,7.52,7.51,7.5,7.56,7.57,7.58,7.59,7.6,376,377,305,131,221,180,230,540,305,183
2017-05-26 10:29:08,7.55,1.0,15101.0,20.0,B,7.54,7.53,7.52,7.51,7.5,7.55,7.56,7.57,7.58,7.59,486,377,305,131,221,519,180,230,538,305
2017-05-26 10:29:23,7.54,2.0,9057.0,12.0,S,7.54,7.53,7.52,7.51,7.5,7.55,7.56,7.57,7.58,7.59,488,377,305,118,221,532,180,230,538,305
2017-05-26 10:29:41,7.54,1.0,754.0,1.0,S,7.54,7.53,7.52,7.51,7.5,7.55,7.56,7.57,7.58,7.59,487,377,305,118,221,532,182,230,538,305
2017-05-26 10:29:50,7.55,1.0,3776.0,5.0,B,7.54,7.53,7.52,7.51,7.5,7.55,7.56,7.57,7.58,7.59,491,377,305,118,221,527,182,230,538,305
2017-05-26 10:30:02,7.54,1.0,1508.0,2.0,S,7.54,7.53,7.52,7.51,7.5,7.55,7.56,7.57,7.58,7.59,489,377,305,118,221,532,195,20,509,305
2017-05-26 10:30:56,7.54,1.0,1508.0,2.0,S,7.54,7.53,7.52,7.51,7.5,7.55,7.56,7.57,7.58,7.59,489,377,305,118,221,532,195,20,519,305
2017-05-26 10:31:23,7.54,2.0,1508.0,2.0,S,7.54,7.53,7.52,7.51,7.5,7.55,7.56,7.57,7.58,7.59,487,377,305,118,221,532,182,20,519,305
2017-05-26 10:31:35,7.54,3.0,30160.0,40.0,S,7.54,7.53,7.52,7.51,7.5,7.55,7.56,7.57,7.58,7.59,447,377,305,118,221,367,182,20,519,305
2017-05-26 10:31:41,7.54,1.0,1507.0,2.0,S,7.54,7.53,7.52,7.51,7.5,7.55,7.56,7.57,7.58,7.59,445,377,305,118,221,367,182,20,519,305
2017-05-26 10:31:44,7.54,9.0,335530.0,445.0,S,7.53,7.52,7.51,7.5,7.49,7.54,7.55,7.56,7.57,7.58,377,305,118,221,49,79,350,182,20,519
2017-05-26 10:31:59,7.54,2.0,4523.0,6.0,B,7.53,7.52,7.51,7.5,7.49,7.54,7.55,7.56,7.57,7.58,375,305,118,221,49,210,344,182,30,519
2017-05-26 10:32:02,7.53,1.0,3012.0,4.0,S,7.53,7.52,7.51,7.5,7.49,7.54,7.55,7.56,7.57,7.58,371,305,118,221,49,210,344,182,30,519
2017-05-26 10:32:14,7.53,3.0,75301.0,100.0,S,7.53,7.52,7.51,7.5,7.49,7.54,7.55,7.56,7.57,7.58,271,305,118,221,49,210,344,182,30,519
2017-05-26 10:32:20,7.53,1.0,1506.0,2.0,S,7.53,7.52,7.51,7.5,7.49,7.54,7.55,7.56,7.57,7.58,269,305,118,221,49,210,339,182,30,519
2017-05-26 10:32:32,7.53,1.0,753.0,1.0,S,7.53,7.52,7.51,7.5,7.49,7.54,7.55,7.56,7.57,7.58,268,305,118,221,49,210,339,182,30,519
2017-05-26 10:32:38,7.54,5.0,150800.0,200.0,B,7.53,7.52,7.51,7.5,7.49,7.54,7.55,7.56,7.57,7.58,268,305,118,211,79,10,339,182,30,519
2017-05-26 10:32:41,7.53,1.0,1506.0,2.0,S,7.53,7.52,7.51,7.5,7.49,7.54,7.55,7.56,7.57,7.58,266,285,118,211,79,10,339,182,30,519
2017-05-26 10:32:56,7.53,1.0,4518.0,6.0,S,7.53,7.52,7.51,7.5,7.49,7.54,7.55,7.56,7.57,7.58,262,285,118,211,79,30,339,182,30,519
2017-05-26 10:32:59,7.53,2.0,3765.0,5.0,S,7.53,7.52,7.51,7.5,7.49,7.54,7.55,7.56,7.57,7.58,257,285,118,211,79,35,339,182,30,519
2017-05-26 10:33:05,7.53,2.0,7530.0,10.0,S,7.53,7.52,7.51,7.5,7.49,7.54,7.55,7.56,7.57,7.58,247,285,118,211,79,35,339,182,30,519
2017-05-26 10:33:29,7.53,1.0,753.0,1.0,S,7.53,7.52,7.51,7.5,7.49,7.54,7.55,7.56,7.57,7.58,296,293,118,211,79,35,339,182,30,509
2017-05-26 10:33:38,7.53,1.0,7529.0,10.0,S,7.53,7.52,7.51,7.5,7.49,7.54,7.55,7.56,7.57,7.58,296,293,118,217,79,35,339,182,30,509
2017-05-26 10:33:47,7.53,1.0,1506.0,2.0,S,7.53,7.52,7.51,7.5,7.49,7.54,7.55,7.56,7.57,7.58,294,293,118,217,79,35,339,182,30,509
2017-05-26 10:33:53,7.53,1.0,19578.0,26.0,S,7.53,7.52,7.51,7.5,7.49,7.54,7.55,7.56,7.57,7.58,258,293,118,217,79,35,339,182,30,509
2017-05-26 10:34:17,7.53,1.0,753.0,1.0,S,7.53,7.52,7.51,7.5,7.49,7.54,7.55,7.56,7.57,7.58,257,293,118,217,79,35,376,182,30,509
2017-05-26 10:34:35,7.54,3.0,26391.0,35.0,B,7.53,7.52,7.51,7.5,7.49,7.54,7.55,7.56,7.57,7.58,262,293,118,217,109,19,376,182,30,509
2017-05-26 10:34:38,7.54,1.0,7539.0,10.0,B,7.53,7.52,7.51,7.5,7.49,7.54,7.55,7.56,7.57,7.58,262,293,118,217,109,9,376,182,30,509
2017-05-26 10:34:41,7.54,1.0,755.0,1.0,B,7.53,7.52,7.51,7.5,7.49,7.54,7.55,7.56,7.57,7.58,262,293,118,217,109,8,376,182,30,509
2017-05-26 10:34:44,7.53,1.0,1506.0,2.0,S,7.53,7.52,7.51,7.5,7.49,7.54,7.55,7.56,7.57,7.58,260,293,118,217,109,8,376,182,30,509
2017-05-26 10:34:50,7.54,3.0,39911.0,53.0,B,7.53,7.52,7.51,7.5,7.49,7.54,7.55,7.56,7.57,7.58,210,293,118,217,149,5,376,182,30,509
2017-05-26 10:34:59,7.53,3.0,7530.0,10.0,S,7.53,7.52,7.51,7.5,7.49,7.54,7.55,7.56,7.57,7.58,200,293,118,217,149,7,376,182,30,509
2017-05-26 10:35:02,7.54,3.0,5277.0,7.0,B,7.53,7.52,7.51,7.5,7.49,7.54,7.55,7.56,7.57,7.58,199,293,118,217,149,1,376,182,30,509
2017-05-26 10:35:11,7.54,4.0,25603.0,34.0,B,7.54,7.53,7.52,7.51,7.5,7.55,7.56,7.57,7.58,7.59,507,166,283,118,217,376,182,30,509,305
2017-05-26 10:35:23,7.54,1.0,1508.0,2.0,S,7.54,7.53,7.52,7.51,7.5,7.55,7.56,7.57,7.58,7.59,525,166,283,118,211,376,182,30,509,305
2017-05-26 10:35:38,7.55,1.0,37750.0,50.0,B,7.54,7.53,7.52,7.51,7.5,7.55,7.56,7.57,7.58,7.59,525,166,283,118,211,326,187,30,509,305
2017-05-26 10:35:41,7.54,1.0,1508.0,2.0,S,7.54,7.53,7.52,7.51,7.5,7.55,7.56,7.57,7.58,7.59,523,366,283,118,211,326,187,30,509,305
2017-05-26 10:36:05,7.54,1.0,1508.0,2.0,S,7.54,7.53,7.52,7.51,7.5,7.55,7.56,7.57,7.58,7.59,521,366,283,118,211,326,187,30,509,305
2017-05-26 10:36:14,7.55,1.0,15100.0,20.0,B,7.54,7.53,7.52,7.51,7.5,7.55,7.56,7.57,7.58,7.59,521,366,283,118,211,306,187,30,509,305
2017-05-26 10:36:23,7.54,1.0,11311.0,15.0,S,7.54,7.53,7.52,7.51,7.5,7.55,7.56,7.57,7.58,7.59,506,366,283,118,211,306,187,30,509,305
2017-05-26 10:36:29,7.54,2.0,3769.0,5.0,S,7.54,7.53,7.52,7.51,7.5,7.55,7.56,7.57,7.58,7.59,501,366,283,118,211,307,187,30,509,305
2017-05-26 10:36:56,7.54,1.0,755.0,1.0,S,7.54,7.53,7.52,7.51,7.5,7.55,7.56,7.57,7.58,7.59,553,366,283,118,211,307,197,30,509,305
2017-05-26 10:37:17,7.54,1.0,1507.0,2.0,S,7.54,7.53,7.52,7.51,7.5,7.55,7.56,7.57,7.58,7.59,551,366,283,118,211,307,197,40,509,305
2017-05-26 10:37:35,7.55,1.0,4530.0,6.0,B,7.54,7.53,7.52,7.51,7.5,7.55,7.56,7.57,7.58,7.59,551,366,283,118,211,301,197,111,509,305
2017-05-26 10:37:38,7.54,1.0,1508.0,2.0,S,7.54,7.53,7.52,7.51,7.5,7.55,7.56,7.57,7.58,7.59,549,366,283,118,211,301,197,111,509,305
2017-05-26 10:37:59,7.54,1.0,1508.0,2.0,S,7.54,7.53,7.52,7.51,7.5,7.55,7.56,7.57,7.58,7.59,547,366,283,118,221,301,197,111,509,305
2017-05-26 10:38:17,7.54,1.0,1508.0,2.0,S,7.54,7.53,7.52,7.51,7.5,7.55,7.56,7.57,7.58,7.59,547,366,283,118,221,301,197,111,509,305
2017-05-26 10:38:38,7.54,1.0,755.0,1.0,S,7.54,7.53,7.52,7.51,7.5,7.55,7.56,7.57,7.58,7.59,546,366,283,118,221,302,197,111,509,305
2017-05-26 10:39:20,7.54,1.0,753.0,1.0,S,7.54,7.53,7.52,7.51,7.5,7.55,7.56,7.57,7.58,7.59,545,366,283,205,221,302,197,111,509,305
2017-05-26 10:39:26,7.54,1.0,1508.0,2.0,S,7.54,7.53,7.52,7.51,7.5,7.55,7.56,7.57,7.58,7.59,543,366,283,205,221,302,197,111,509,305
2017-05-26 10:39:47,7.54,1.0,755.0,1.0,S,7.54,7.53,7.52,7.51,7.5,7.55,7.56,7.57,7.58,7.59,542,366,283,205,221,307,197,111,509,305
2017-05-26 10:40:23,7.54,1.0,1508.0,2.0,S,7.54,7.53,7.52,7.51,7.5,7.55,7.56,7.57,7.58,7.59,540,366,283,205,221,307,197,111,509,305
2017-05-26 10:40:44,7.54,2.0,2263.0,3.0,S,7.54,7.53,7.52,7.51,7.5,7.55,7.56,7.57,7.58,7.59,538,378,283,205,231,306,197,111,509,305
2017-05-26 10:40:59,7.54,1.0,753.0,1.0,S,7.54,7.53,7.52,7.51,7.5,7.55,7.56,7.57,7.58,7.59,537,378,283,205,233,306,197,111,509,305
2017-05-26 10:41:05,7.54,1.0,754.0,1.0,S,7.54,7.53,7.52,7.51,7.5,7.55,7.56,7.57,7.58,7.59,536,378,283,205,233,306,197,111,509,305
2017-05-26 10:41:17,7.54,1.0,755.0,1.0,S,7.54,7.53,7.52,7.51,7.5,7.55,7.56,7.57,7.58,7.59,533,378,283,205,233,306,197,111,509,305
2017-05-26 10:42:02,7.54,1.0,753.0,1.0,S,7.54,7.53,7.52,7.51,7.5,7.55,7.56,7.57,7.58,7.59,532,366,284,205,233,268,197,111,509,305
2017-05-26 10:42:08,7.54,1.0,10556.0,14.0,S,7.54,7.53,7.52,7.51,7.5,7.55,7.56,7.57,7.58,7.59,518,366,284,205,233,305,197,111,509,305
2017-05-26 10:42:23,7.54,1.0,755.0,1.0,S,7.54,7.53,7.52,7.51,7.5,7.55,7.56,7.57,7.58,7.59,517,366,284,205,233,305,197,111,509,305
2017-05-26 10:42:35,7.54,1.0,2261.0,3.0,S,7.54,7.53,7.52,7.51,7.5,7.55,7.56,7.57,7.58,7.59,514,366,284,205,233,305,197,111,509,305
2017-05-26 10:42:47,7.54,1.0,7540.0,10.0,S,7.54,7.53,7.52,7.51,7.5,7.55,7.56,7.57,7.58,7.59,504,366,284,205,233,305,197,111,509,305
2017-05-26 10:43:02,7.54,1.0,1508.0,2.0,S,7.54,7.53,7.52,7.51,7.5,7.55,7.56,7.57,7.58,7.59,502,366,284,205,233,305,197,111,509,305
2017-05-26 10:43:11,7.54,1.0,2263.0,3.0,S,7.54,7.53,7.52,7.51,7.5,7.55,7.56,7.57,7.58,7.59,499,366,284,194,233,305,197,111,509,305
2017-05-26 10:43:14,7.54,1.0,753.0,1.0,S,7.54,7.53,7.52,7.51,7.5,7.55,7.56,7.57,7.58,7.59,498,366,284,194,233,305,197,111,509,305
2017-05-26 10:43:20,7.54,1.0,1508.0,2.0,S,7.54,7.53,7.52,7.51,7.5,7.55,7.56,7.57,7.58,7.59,496,366,284,194,233,285,197,111,509,305
2017-05-26 10:43:35,7.54,2.0,29406.0,39.0,S,7.54,7.53,7.52,7.51,7.5,7.55,7.56,7.57,7.58,7.59,447,366,284,194,238,285,208,111,509,305
2017-05-26 10:43:41,7.54,1.0,1509.0,2.0,S,7.54,7.53,7.52,7.51,7.5,7.55,7.56,7.57,7.58,7.59,445,366,284,194,238,285,208,111,509,305
2017-05-26 10:43:47,7.55,1.0,9060.0,12.0,B,7.54,7.53,7.52,7.51,7.5,7.55,7.56,7.57,7.58,7.59,445,366,284,194,238,273,208,111,509,305
2017-05-26 10:43:59,7.54,1.0,1508.0,2.0,S,7.54,7.53,7.52,7.51,7.5,7.55,7.56,7.57,7.58,7.59,443,366,284,194,268,273,208,111,509,305
2017-05-26 10:44:17,7.54,1.0,754.0,1.0,S,7.54,7.53,7.52,7.51,7.5,7.55,7.56,7.57,7.58,7.59,442,366,284,194,288,273,208,111,509,305
2017-05-26 10:44:20,7.54,1.0,1508.0,2.0,S,7.54,7.53,7.52,7.51,7.5,7.55,7.56,7.57,7.58,7.59,440,366,284,194,288,273,197,111,509,305
2017-05-26 10:44:41,7.54,1.0,1508.0,2.0,S,7.54,7.53,7.52,7.51,7.5,7.55,7.56,7.57,7.58,7.59,438,366,284,194,288,273,197,111,509,305
2017-05-26 10:44:56,7.54,1.0,8293.0,11.0,S,7.54,7.53,7.52,7.51,7.5,7.55,7.56,7.57,7.58,7.59,427,366,284,194,288,273,197,111,509,305
2017-05-26 10:45:17,7.54,1.0,22621.0,30.0,S,7.54,7.53,7.52,7.51,7.5,7.55,7.56,7.57,7.58,7.59,452,366,284,194,288,273,197,111,509,305
2017-05-26 10:45:35,7.54,1.0,1508.0,2.0,S,7.54,7.53,7.52,7.51,7.5,7.55,7.56,7.57,7.58,7.59,450,366,284,194,288,273,197,111,509,305
2017-05-26 10:45:41,7.54,1.0,753.0,1.0,S,7.54,7.53,7.52,7.51,7.5,7.55,7.56,7.57,7.58,7.59,449,366,284,194,288,273,197,111,509,305
2017-05-26 10:45:59,7.54,1.0,1508.0,2.0,S,7.54,7.53,7.52,7.51,7.5,7.55,7.56,7.57,7.58,7.59,447,366,284,194,288,273,192,111,509,305
2017-05-26 10:46:20,7.54,1.0,755.0,1.0,S,7.54,7.53,7.52,7.51,7.5,7.55,7.56,7.57,7.58,7.59,446,366,284,194,288,278,192,111,509,305
2017-05-26 10:46:38,7.54,1.0,1508.0,2.0,S,7.54,7.53,7.52,7.51,7.5,7.55,7.56,7.57,7.58,7.59,444,366,284,194,288,278,192,111,509,305
2017-05-26 10:47:05,7.54,1.0,753.0,1.0,S,7.54,7.53,7.52,7.51,7.5,7.55,7.56,7.57,7.58,7.59,443,366,284,194,283,278,192,111,509,305
2017-05-26 10:47:08,7.54,1.0,1508.0,2.0,S,7.54,7.53,7.52,7.51,7.5,7.55,7.56,7.57,7.58,7.59,441,366,284,194,283,278,192,111,509,305
2017-05-26 10:47:26,7.54,1.0,755.0,1.0,S,7.54,7.53,7.52,7.51,7.5,7.55,7.56,7.57,7.58,7.59,440,366,284,194,283,278,192,111,509,305
2017-05-26 10:47:47,7.54,2.0,16587.0,22.0,S,7.54,7.53,7.52,7.51,7.5,7.55,7.56,7.57,7.58,7.59,418,366,284,194,283,278,192,111,509,305
2017-05-26 10:47:59,7.54,1.0,3771.0,5.0,S,7.54,7.53,7.52,7.51,7.5,7.55,7.56,7.57,7.58,7.59,408,366,284,194,283,278,192,111,509,305
2017-05-26 10:48:02,7.54,1.0,16588.0,22.0,S,7.54,7.53,7.52,7.51,7.5,7.55,7.56,7.57,7.58,7.59,386,366,284,194,283,278,192,111,509,305
2017-05-26 10:48:08,7.54,2.0,17342.0,23.0,S,7.54,7.53,7.52,7.51,7.5,7.55,7.56,7.57,7.58,7.59,363,366,284,194,283,278,192,111,509,305
2017-05-26 10:48:11,7.54,1.0,3016.0,4.0,S,7.54,7.53,7.52,7.51,7.5,7.55,7.56,7.57,7.58,7.59,359,366,284,194,283,278,192,111,509,305
2017-05-26 10:48:14,7.55,1.0,7549.0,10.0,B,7.54,7.53,7.52,7.51,7.5,7.55,7.56,7.57,7.58,7.59,359,366,284,194,283,268,192,111,509,305
2017-05-26 10:48:17,7.54,2.0,15080.0,20.0,S,7.54,7.53,7.52,7.51,7.5,7.55,7.56,7.57,7.58,7.59,339,366,284,194,283,268,192,111,509,305
2017-05-26 10:48:23,7.54,1.0,15834.0,21.0,S,7.54,7.53,7.52,7.51,7.5,7.55,7.56,7.57,7.58,7.59,318,366,284,194,283,268,192,111,509,305
2017-05-26 10:48:38,7.54,2.0,4524.0,6.0,S,7.54,7.53,7.52,7.51,7.5,7.55,7.56,7.57,7.58,7.59,312,366,284,194,283,269,192,111,509,305
2017-05-26 10:48:56,7.54,1.0,4524.0,6.0,S,7.54,7.53,7.52,7.51,7.5,7.55,7.56,7.57,7.58,7.59,306,366,284,194,283,269,192,101,509,305
2017-05-26 10:48:59,7.54,1.0,1508.0,2.0,S,7.54,7.53,7.52,7.51,7.5,7.55,7.56,7.57,7.58,7.59,304,366,284,194,283,269,192,101,509,305
2017-05-26 10:49:05,7.54,1.0,60320.0,80.0,S,7.54,7.53,7.52,7.51,7.5,7.55,7.56,7.57,7.58,7.59,224,366,284,194,283,269,192,101,509,305
2017-05-26 10:49:17,7.54,1.0,755.0,1.0,S,7.54,7.53,7.52,7.51,7.5,7.55,7.56,7.57,7.58,7.59,223,366,284,194,283,269,192,101,30,305
2017-05-26 10:49:26,7.54,5.0,168141.0,223.0,S,7.53,7.52,7.51,7.5,7.49,7.54,7.55,7.56,7.57,7.58,366,284,194,283,149,560,269,192,101,30
2017-05-26 10:49:38,7.53,1.0,1506.0,2.0,S,7.53,7.52,7.51,7.5,7.49,7.54,7.55,7.56,7.57,7.58,364,284,194,283,149,763,269,192,101,30
2017-05-26 10:50:20,7.53,2.0,26356.0,35.0,S,7.53,7.52,7.51,7.5,7.49,7.54,7.55,7.56,7.57,7.58,329,284,194,283,149,580,247,192,101,30
2017-05-26 10:50:23,7.53,4.0,75299.0,100.0,S,7.53,7.52,7.51,7.5,7.49,7.54,7.55,7.56,7.57,7.58,229,284,194,283,149,580,247,192,101,30
2017-05-26 10:50:26,7.53,5.0,172437.0,229.0,S,7.52,7.51,7.5,7.49,7.48,7.53,7.54,7.55,7.56,7.57,284,194,283,149,427,531,20,247,192,101
2017-05-26 10:50:44,7.53,2.0,3010.0,4.0,B,7.52,7.51,7.5,7.49,7.48,7.53,7.54,7.55,7.56,7.57,292,194,283,149,427,554,3,247,192,101
2017-05-26 10:51:05,7.53,3.0,16551.0,22.0,B,7.52,7.51,7.5,7.49,7.48,7.53,7.54,7.55,7.56,7.57,276,194,283,149,427,549,3,247,192,101
2017-05-26 10:51:08,7.52,1.0,1503.0,2.0,S,7.52,7.51,7.5,7.49,7.48,7.53,7.54,7.55,7.56,7.57,274,194,283,149,427,549,3,247,192,101
2017-05-26 10:51:26,7.52,1.0,6016.0,8.0,S,7.52,7.51,7.5,7.49,7.48,7.53,7.54,7.55,7.56,7.57,266,194,283,149,427,550,3,246,192,101
2017-05-26 10:51:56,7.52,1.0,7521.0,10.0,S,7.52,7.51,7.5,7.49,7.48,7.53,7.54,7.55,7.56,7.57,256,194,278,149,427,551,4,246,191,101
2017-05-26 10:52:05,7.52,1.0,39104.0,52.0,S,7.52,7.51,7.5,7.49,7.48,7.53,7.54,7.55,7.56,7.57,204,194,278,149,432,551,4,246,191,101
2017-05-26 10:52:20,7.52,2.0,15040.0,20.0,S,7.52,7.51,7.5,7.49,7.48,7.53,7.54,7.55,7.56,7.57,184,234,278,109,432,551,104,246,191,101
2017-05-26 10:52:32,7.53,1.0,4518.0,6.0,B,7.52,7.51,7.5,7.49,7.48,7.53,7.54,7.55,7.56,7.57,164,234,278,109,432,546,104,246,191,101
2017-05-26 10:52:38,7.52,2.0,11280.0,15.0,S,7.52,7.51,7.5,7.49,7.48,7.53,7.54,7.55,7.56,7.57,149,234,278,109,432,546,104,246,191,101
2017-05-26 10:52:44,7.52,4.0,60160.0,80.0,S,7.52,7.51,7.5,7.49,7.48,7.53,7.54,7.55,7.56,7.57,69,234,278,109,432,546,104,246,191,101
2017-05-26 10:52:59,7.52,7.0,45872.0,61.0,S,7.52,7.51,7.5,7.49,7.48,7.53,7.54,7.55,7.56,7.57,8,234,278,109,452,551,104,246,191,101
2017-05-26 10:53:08,7.52,1.0,6015.0,8.0,S,7.51,7.5,7.49,7.48,7.47,7.52,7.53,7.54,7.55,7.56,244,278,109,452,246,65,551,104,246,191
2017-05-26 10:53:11,7.52,1.0,3008.0,4.0,B,7.51,7.5,7.49,7.48,7.47,7.52,7.53,7.54,7.55,7.56,244,278,109,452,246,61,543,104,246,191
2017-05-26 10:53:44,7.52,1.0,7521.0,10.0,B,7.51,7.5,7.49,7.48,7.47,7.52,7.53,7.54,7.55,7.56,244,278,109,452,246,76,543,104,246,191
2017-05-26 10:53:53,7.52,1.0,37600.0,50.0,B,7.51,7.5,7.49,7.48,7.47,7.52,7.53,7.54,7.55,7.56,244,278,109,452,246,26,543,104,246,191
2017-05-26 10:53:56,7.52,6.0,20303.0,27.0,B,7.52,7.51,7.5,7.49,7.48,7.53,7.54,7.55,7.56,7.57,43,254,278,109,452,543,104,246,191,101
2017-05-26 10:54:14,7.52,1.0,15041.0,20.0,S,7.52,7.51,7.5,7.49,7.48,7.53,7.54,7.55,7.56,7.57,43,254,288,109,452,543,104,246,191,101
2017-05-26 10:54:56,7.52,2.0,9023.0,12.0,S,7.52,7.51,7.5,7.49,7.48,7.53,7.54,7.55,7.56,7.57,48,284,288,109,452,537,104,246,191,101
2017-05-26 10:55:05,7.52,1.0,3009.0,4.0,S,7.52,7.51,7.5,7.49,7.48,7.53,7.54,7.55,7.56,7.57,44,284,288,109,452,538,104,246,191,106
2017-05-26 10:55:11,7.52,3.0,10527.0,14.0,S,7.52,7.51,7.5,7.49,7.48,7.53,7.54,7.55,7.56,7.57,13,284,288,109,452,538,104,246,191,106
2017-05-26 10:55:50,7.53,1.0,3765.0,5.0,B,7.52,7.51,7.5,7.49,7.48,7.53,7.54,7.55,7.56,7.57,33,284,288,139,467,534,104,246,191,106
2017-05-26 10:55:53,7.52,1.0,8272.0,11.0,S,7.52,7.51,7.5,7.49,7.48,7.53,7.54,7.55,7.56,7.57,22,284,288,139,467,534,104,246,191,106
2017-05-26 10:56:29,7.53,1.0,7530.0,10.0,B,7.52,7.51,7.5,7.49,7.48,7.53,7.54,7.55,7.56,7.57,315,284,289,139,497,524,104,246,191,106
2017-05-26 10:57:23,7.53,3.0,70022.0,93.0,B,7.52,7.51,7.5,7.49,7.48,7.53,7.54,7.55,7.56,7.57,362,284,289,139,497,439,104,246,191,106
2017-05-26 10:58:02,7.52,1.0,751.0,1.0,S,7.52,7.51,7.5,7.49,7.48,7.53,7.54,7.55,7.56,7.57,361,284,259,139,497,440,104,246,191,106
2017-05-26 10:58:53,7.53,1.0,753.0,1.0,B,7.52,7.51,7.5,7.49,7.48,7.53,7.54,7.55,7.56,7.57,381,284,259,139,497,449,104,246,191,106
2017-05-26 10:58:56,7.52,1.0,3761.0,5.0,S,7.52,7.51,7.5,7.49,7.48,7.53,7.54,7.55,7.56,7.57,376,284,259,139,497,449,104,246,191,106
2017-05-26 10:59:23,7.52,3.0,8272.0,11.0,S,7.52,7.51,7.5,7.49,7.48,7.53,7.54,7.55,7.56,7.57,365,284,259,439,497,449,104,246,191,106
2017-05-26 10:59:32,7.52,1.0,751.0,1.0,S,7.52,7.51,7.5,7.49,7.48,7.53,7.54,7.55,7.56,7.57,364,284,259,439,497,449,104,245,191,106
2017-05-26 11:00:11,7.52,1.0,3760.0,5.0,S,7.52,7.51,7.5,7.49,7.48,7.53,7.54,7.55,7.56,7.57,354,284,264,439,497,485,104,245,191,106
2017-05-26 11:00:23,7.52,2.0,6769.0,9.0,S,7.52,7.51,7.5,7.49,7.48,7.53,7.54,7.55,7.56,7.57,345,294,264,439,497,488,104,245,191,106
2017-05-26 11:00:26,7.52,2.0,4511.0,6.0,S,7.52,7.51,7.5,7.49,7.48,7.53,7.54,7.55,7.56,7.57,339,294,264,439,497,488,104,245,191,106
2017-05-26 11:00:41,7.52,1.0,134609.0,179.0,S,7.52,7.51,7.5,7.49,7.48,7.53,7.54,7.55,7.56,7.57,140,294,264,439,497,488,104,245,191,106
2017-05-26 11:00:47,7.52,1.0,4512.0,6.0,S,7.52,7.51,7.5,7.49,7.48,7.53,7.54,7.55,7.56,7.57,134,294,264,439,497,488,104,245,191,106
2017-05-26 11:00:50,7.52,1.0,18799.0,25.0,S,7.52,7.51,7.5,7.49,7.48,7.53,7.54,7.55,7.56,7.57,109,294,264,439,497,488,4,245,191,106
2017-05-26 11:00:53,7.52,1.0,1504.0,2.0,S,7.52,7.51,7.5,7.49,7.48,7.53,7.54,7.55,7.56,7.57,122,294,264,439,497,488,4,245,191,106
2017-05-26 11:00:56,7.52,2.0,26324.0,35.0,S,7.52,7.51,7.5,7.49,7.48,7.53,7.54,7.55,7.56,7.57,91,294,264,439,497,484,4,245,191,106
2017-05-26 11:01:02,7.52,3.0,15041.0,20.0,S,7.52,7.51,7.5,7.49,7.48,7.53,7.54,7.55,7.56,7.57,71,294,264,439,497,485,4,245,191,106
2017-05-26 11:01:08,7.52,4.0,36096.0,48.0,S,7.52,7.51,7.5,7.49,7.48,7.53,7.54,7.55,7.56,7.57,23,294,264,439,497,485,4,245,191,106
2017-05-26 11:01:14,7.52,2.0,6768.0,9.0,S,7.52,7.51,7.5,7.49,7.48,7.53,7.54,7.55,7.56,7.57,14,294,264,439,497,485,4,245,191,106
2017-05-26 11:01:17,7.52,1.0,10527.0,14.0,S,7.51,7.5,7.49,7.48,7.47,7.53,7.54,7.55,7.56,7.57,294,264,439,497,201,485,4,245,191,106
2017-05-26 11:01:23,7.51,4.0,34546.0,46.0,S,7.51,7.5,7.49,7.48,7.47,7.53,7.54,7.55,7.56,7.57,248,264,439,497,201,485,4,245,191,106
2017-05-26 11:01:32,7.51,1.0,751.0,1.0,S,7.52,7.51,7.5,7.49,7.48,7.53,7.54,7.55,7.56,7.57,5,247,264,439,497,490,4,245,191,106
2017-05-26 11:01:53,7.52,1.0,3008.0,4.0,S,7.52,7.51,7.5,7.49,7.48,7.53,7.54,7.55,7.56,7.57,61,247,264,439,497,490,4,245,191,106
2017-05-26 11:02:11,7.52,2.0,1505.0,2.0,S,7.52,7.51,7.5,7.49,7.48,7.53,7.54,7.55,7.56,7.57,9,247,264,439,497,490,4,245,191,106
2017-05-26 11:02:14,7.52,1.0,6767.0,9.0,S,7.51,7.5,7.49,7.48,7.47,7.52,7.53,7.54,7.55,7.56,247,264,439,497,201,18,490,4,245,191
2017-05-26 11:02:32,7.51,1.0,751.0,1.0,S,7.51,7.5,7.49,7.48,7.47,7.52,7.53,7.54,7.55,7.56,266,239,439,497,201,18,485,4,245,191
2017-05-26 11:02:35,7.51,1.0,2254.0,3.0,S,7.51,7.5,7.49,7.48,7.47,7.52,7.53,7.54,7.55,7.56,263,239,439,497,201,18,485,4,245,191
2017-05-26 11:02:56,7.51,6.0,75099.0,100.0,S,7.51,7.5,7.49,7.48,7.47,7.52,7.53,7.54,7.55,7.56,168,239,439,497,226,18,485,4,245,191
2017-05-26 11:03:05,7.51,1.0,6760.0,9.0,S,7.51,7.5,7.49,7.48,7.47,7.52,7.53,7.54,7.55,7.56,159,238,439,497,226,18,485,4,245,191
2017-05-26 11:03:17,7.51,2.0,22530.0,30.0,S,7.51,7.5,7.49,7.48,7.47,7.52,7.53,7.54,7.55,7.56,129,238,439,497,226,23,485,4,245,191
2017-05-26 11:03:29,7.51,2.0,6758.0,9.0,S,7.51,7.5,7.49,7.48,7.47,7.52,7.53,7.54,7.55,7.56,120,232,439,497,226,23,485,4,245,191
2017-05-26 11:03:32,7.51,1.0,751.0,1.0,S,7.51,7.5,7.49,7.48,7.47,7.52,7.53,7.54,7.55,7.56,119,232,439,497,226,23,485,4,245,191
2017-05-26 11:03:35,7.51,1.0,19527.0,26.0,S,7.51,7.5,7.49,7.48,7.47,7.52,7.53,7.54,7.55,7.56,93,232,439,497,226,23,485,4,245,191
2017-05-26 11:03:50,7.51,1.0,3003.0,4.0,S,7.51,7.5,7.49,7.48,7.47,7.52,7.53,7.54,7.55,7.56,89,232,439,497,226,35,485,4,245,191
2017-05-26 11:03:56,7.51,3.0,15021.0,20.0,S,7.51,7.5,7.49,7.48,7.47,7.52,7.53,7.54,7.55,7.56,69,232,439,497,226,35,485,4,245,191
2017-05-26 11:04:02,7.51,1.0,751.0,1.0,S,7.51,7.5,7.49,7.48,7.47,7.52,7.53,7.54,7.55,7.56,68,232,439,497,226,35,485,4,5,191
2017-05-26 11:04:14,7.52,2.0,17295.0,23.0,B,7.52,7.51,7.5,7.49,7.48,7.53,7.54,7.55,7.56,7.57,27,68,232,439,497,480,4,5,191,106
2017-05-26 11:04:26,7.52,1.0,3520.0,5.0,S,7.52,7.51,7.5,7.49,7.48,7.53,7.54,7.55,7.56,7.57,22,98,233,439,497,480,4,5,191,106
2017-05-26 11:04:29,7.52,1.0,16544.0,22.0,S,7.52,7.51,7.5,7.49,7.48,7.53,7.54,7.55,7.56,7.57,0,98,233,439,497,480,4,5,191,106
2017-05-26 11:05:02,7.51,2.0,751.0,1.0,S,7.52,7.51,7.5,7.49,7.48,7.53,7.54,7.55,7.56,7.57,12,217,233,439,497,480,4,5,191,106
2017-05-26 11:05:32,7.52,1.0,752.0,1.0,S,7.52,7.51,7.5,7.49,7.48,7.53,7.54,7.55,7.56,7.57,11,157,278,439,497,481,1,215,191,106
2017-05-26 11:05:35,7.52,1.0,6016.0,8.0,S,7.52,7.51,7.5,7.49,7.48,7.53,7.54,7.55,7.56,7.57,3,157,278,439,497,481,1,215,191,106
2017-05-26 11:05:38,7.52,1.0,2256.0,3.0,B,7.51,7.5,7.49,7.48,7.47,7.53,7.54,7.55,7.56,7.57,157,278,439,497,226,481,1,215,191,106
2017-05-26 11:06:14,7.52,1.0,7520.0,10.0,B,7.52,7.51,7.5,7.49,7.48,7.53,7.54,7.55,7.56,7.57,12,157,278,439,497,481,1,215,191,106
2017-05-26 11:06:20,7.52,1.0,9024.0,12.0,S,7.51,7.5,7.49,7.48,7.47,7.52,7.53,7.54,7.55,7.56,157,278,439,497,226,13,481,1,215,191
2017-05-26 11:06:23,7.52,4.0,24796.0,33.0,B,7.52,7.51,7.5,7.49,7.48,7.53,7.54,7.55,7.56,7.57,3,137,278,412,497,481,1,215,191,106
2017-05-26 11:06:32,7.52,1.0,752.0,1.0,S,7.52,7.51,7.5,7.49,7.48,7.53,7.54,7.55,7.56,7.57,304,137,278,412,497,481,1,215,191,106
2017-05-26 11:06:44,7.52,1.0,752.0,1.0,S,7.52,7.51,7.5,7.49,7.48,7.53,7.54,7.55,7.56,7.57,303,164,278,382,497,481,1,215,191,106
2017-05-26 11:07:32,7.52,1.0,752.0,1.0,S,7.52,7.51,7.5,7.49,7.48,7.53,7.54,7.55,7.56,7.57,302,224,282,382,497,480,1,5,191,106
2017-05-26 11:07:44,7.52,1.0,752.0,1.0,S,7.52,7.51,7.5,7.49,7.48,7.53,7.54,7.55,7.56,7.57,301,224,282,382,497,480,1,5,191,106
2017-05-26 11:08:02,7.52,1.0,752.0,1.0,S,7.52,7.51,7.5,7.49,7.48,7.53,7.54,7.55,7.56,7.57,306,214,282,382,497,479,1,5,191,106
2017-05-26 11:08:29,7.52,2.0,15049.0,20.0,S,7.52,7.51,7.5,7.49,7.48,7.53,7.54,7.55,7.56,7.57,295,215,282,382,497,470,1,5,191,106
2017-05-26 11:08:53,7.52,1.0,15040.0,20.0,S,7.52,7.51,7.5,7.49,7.48,7.53,7.54,7.55,7.56,7.57,275,215,282,82,497,470,1,5,191,106
2017-05-26 11:09:02,7.52,1.0,752.0,1.0,S,7.52,7.51,7.5,7.49,7.48,7.53,7.54,7.55,7.56,7.57,274,215,282,82,497,470,1,5,191,106
2017-05-26 11:09:08,7.52,1.0,3008.0,4.0,S,7.52,7.51,7.5,7.49,7.48,7.53,7.54,7.55,7.56,7.57,270,215,282,82,497,470,1,5,191,106
2017-05-26 11:09:41,7.52,1.0,752.0,1.0,S,7.52,7.51,7.5,7.49,7.48,7.53,7.54,7.55,7.56,7.57,269,215,282,82,497,470,1,5,191,106
2017-05-26 11:09:47,7.52,1.0,27824.0,37.0,S,7.52,7.51,7.5,7.49,7.48,7.53,7.54,7.55,7.56,7.57,232,215,282,82,497,470,1,5,191,106
2017-05-26 11:09:53,7.53,1.0,75301.0,100.0,B,7.52,7.51,7.5,7.49,7.48,7.53,7.54,7.55,7.56,7.57,232,215,282,82,497,370,1,5,191,106
2017-05-26 11:10:02,7.52,1.0,751.0,1.0,S,7.52,7.51,7.5,7.49,7.48,7.53,7.54,7.55,7.56,7.57,231,215,282,82,497,370,1,5,191,106
2017-05-26 11:10:32,7.52,1.0,752.0,1.0,S,7.52,7.51,7.5,7.49,7.48,7.53,7.54,7.55,7.56,7.57,230,215,282,82,497,369,1,5,191,106
2017-05-26 11:10:44,7.52,1.0,18800.0,25.0,S,7.52,7.51,7.5,7.49,7.48,7.53,7.54,7.55,7.56,7.57,205,215,282,82,497,369,1,5,191,106
2017-05-26 11:10:56,7.52,1.0,3008.0,4.0,S,7.52,7.51,7.5,7.49,7.48,7.53,7.54,7.55,7.56,7.57,201,215,282,82,497,54,1,5,191,106
2017-05-26 11:11:08,7.53,1.0,753.0,1.0,B,7.52,7.51,7.5,7.49,7.48,7.53,7.54,7.55,7.56,7.57,211,215,282,82,497,53,1,5,191,106
2017-05-26 11:11:11,7.53,2.0,1340.0,1.0,B,7.52,7.51,7.5,7.49,7.48,7.53,7.54,7.55,7.56,7.57,210,215,282,82,497,52,1,5,191,106
2017-05-26 11:11:41,7.52,1.0,752.0,1.0,S,7.52,7.51,7.5,7.49,7.48,7.53,7.54,7.55,7.56,7.57,209,215,282,82,497,52,1,85,191,106
2017-05-26 11:12:38,7.53,9.0,26355.0,35.0,B,7.52,7.51,7.5,7.49,7.48,7.53,7.54,7.55,7.56,7.57,223,215,282,82,497,17,1,5,191,106
2017-05-26 11:12:53,7.53,6.0,12801.0,17.0,B,7.53,7.52,7.51,7.5,7.49,7.54,7.55,7.56,7.57,7.58,133,223,215,282,82,1,5,191,106,10
2017-05-26 11:13:11,7.53,2.0,39156.0,52.0,S,7.53,7.52,7.51,7.5,7.49,7.54,7.55,7.56,7.57,7.58,81,237,215,282,82,1,33,191,106,10
2017-05-26 11:13:41,7.53,1.0,753.0,1.0,S,7.53,7.52,7.51,7.5,7.49,7.54,7.55,7.56,7.57,7.58,89,223,215,282,82,2,333,192,106,10
2017-05-26 11:14:41,7.54,3.0,2261.0,3.0,B,7.54,7.53,7.52,7.51,7.5,7.55,7.56,7.57,7.58,7.59,10,99,223,215,282,333,192,106,10,225
2017-05-26 11:15:02,7.54,1.0,7541.0,10.0,S,7.53,7.52,7.51,7.5,7.49,7.54,7.55,7.56,7.57,7.58,99,223,215,282,82,16,333,192,106,50
2017-05-26 11:15:14,7.53,1.0,3011.0,4.0,S,7.53,7.52,7.51,7.5,7.49,7.54,7.55,7.56,7.57,7.58,95,223,215,282,82,16,333,192,106,50
2017-05-26 11:15:20,7.53,1.0,12049.0,16.0,S,7.53,7.52,7.51,7.5,7.49,7.55,7.56,7.57,7.58,7.59,79,223,215,282,82,333,192,106,50,225
2017-05-26 11:15:44,7.53,4.0,57981.0,77.0,S,7.53,7.52,7.51,7.5,7.49,7.55,7.56,7.57,7.58,7.59,12,223,220,282,82,333,192,106,55,225
2017-05-26 11:16:02,7.53,4.0,9036.0,12.0,S,7.52,7.51,7.5,7.49,7.48,7.55,7.56,7.57,7.58,7.59,223,220,282,82,502,334,192,106,55,225
2017-05-26 11:16:14,7.52,3.0,9024.0,12.0,S,7.52,7.51,7.5,7.49,7.48,7.54,7.55,7.56,7.57,7.58,211,220,282,82,502,30,334,192,106,55
2017-05-26 11:16:32,7.52,1.0,752.0,1.0,S,7.52,7.51,7.5,7.49,7.48,7.54,7.55,7.56,7.57,7.58,210,220,282,82,502,136,334,192,106,55
2017-05-26 11:16:41,7.52,1.0,752.0,1.0,S,7.52,7.51,7.5,7.49,7.48,7.54,7.55,7.56,7.57,7.58,209,220,282,82,502,136,334,192,106,55
2017-05-26 11:16:56,7.52,1.0,1503.0,2.0,S,7.52,7.51,7.5,7.49,7.48,7.54,7.55,7.56,7.57,7.58,207,220,282,82,502,136,334,192,106,55
2017-05-26 11:17:23,7.52,3.0,155830.0,208.0,S,7.51,7.5,7.49,7.48,7.47,7.52,7.54,7.55,7.56,7.57,220,282,82,502,226,108,107,333,192,106
2017-05-26 11:17:32,7.52,1.0,7520.0,10.0,B,7.51,7.5,7.49,7.48,7.47,7.52,7.54,7.55,7.56,7.57,220,282,82,502,226,99,107,343,192,106
2017-05-26 11:17:50,7.51,1.0,3755.0,5.0,S,7.51,7.5,7.49,7.48,7.47,7.52,7.54,7.55,7.56,7.57,215,282,82,502,226,129,107,343,196,106
2017-05-26 11:18:14,7.51,2.0,18775.0,25.0,S,7.51,7.5,7.49,7.48,7.47,7.52,7.54,7.55,7.56,7.57,190,282,92,502,326,128,107,343,196,106
2017-05-26 11:18:38,7.51,2.0,5257.0,7.0,S,7.51,7.5,7.49,7.48,7.47,7.52,7.53,7.54,7.55,7.56,193,282,92,502,326,129,198,107,343,201
2017-05-26 11:18:44,7.51,1.0,751.0,1.0,S,7.51,7.5,7.49,7.48,7.47,7.52,7.53,7.54,7.55,7.56,192,282,92,502,326,228,198,101,343,201
2017-05-26 11:19:02,7.52,2.0,2256.0,3.0,B,7.51,7.5,7.49,7.48,7.47,7.52,7.53,7.54,7.55,7.56,192,252,92,502,326,197,198,101,343,201
2017-05-26 11:19:14,7.52,1.0,2256.0,3.0,B,7.51,7.5,7.49,7.48,7.47,7.52,7.53,7.54,7.55,7.56,192,252,122,502,326,194,198,51,343,201
2017-05-26 11:19:17,7.52,1.0,15040.0,20.0,B,7.51,7.5,7.49,7.48,7.47,7.52,7.53,7.54,7.55,7.56,192,252,122,502,326,174,198,51,343,201
2017-05-26 11:19:23,7.51,4.0,34546.0,46.0,S,7.51,7.5,7.49,7.48,7.47,7.52,7.53,7.54,7.55,7.56,146,252,122,502,326,174,198,51,343,201
2017-05-26 11:19:26,7.52,1.0,37601.0,50.0,B,7.51,7.5,7.49,7.48,7.47,7.52,7.53,7.54,7.55,7.56,146,252,122,502,326,124,198,51,343,201
2017-05-26 11:20:20,7.51,1.0,18023.0,24.0,S,7.51,7.5,7.49,7.48,7.47,7.52,7.53,7.54,7.55,7.56,126,252,122,502,326,141,198,81,343,199
2017-05-26 11:20:44,7.51,1.0,751.0,1.0,S,7.51,7.5,7.49,7.48,7.47,7.52,7.53,7.54,7.55,7.56,125,247,122,502,326,141,198,81,343,199
2017-05-26 11:20:56,7.52,5.0,24064.0,32.0,B,7.51,7.5,7.49,7.48,7.47,7.52,7.54,7.55,7.56,7.57,125,247,122,502,326,109,81,343,199,106
2017-05-26 11:20:59,7.52,3.0,11280.0,15.0,B,7.51,7.5,7.49,7.48,7.47,7.52,7.54,7.55,7.56,7.57,125,247,122,502,326,94,81,343,199,106
2017-05-26 11:21:02,7.51,4.0,27046.0,36.0,S,7.51,7.5,7.49,7.48,7.47,7.52,7.54,7.55,7.56,7.57,109,247,122,502,326,85,81,343,199,106
2017-05-26 11:21:05,7.52,1.0,60160.0,80.0,B,7.51,7.5,7.49,7.48,7.47,7.52,7.54,7.55,7.56,7.57,109,247,122,502,326,5,81,343,199,106
2017-05-26 11:21:08,7.52,3.0,6764.0,9.0,B,7.51,7.5,7.49,7.48,7.47,7.52,7.54,7.55,7.56,7.57,105,247,122,502,326,1,81,343,199,106
2017-05-26 11:21:11,7.52,1.0,752.0,1.0,B,7.52,7.51,7.5,7.49,7.48,7.54,7.55,7.56,7.57,7.58,4,105,247,122,502,81,343,199,106,50
2017-05-26 11:22:05,7.53,1.0,753.0,1.0,B,7.52,7.51,7.5,7.49,7.48,7.53,7.54,7.55,7.56,7.57,37,155,289,122,502,49,106,343,199,106
2017-05-26 11:22:17,7.53,1.0,36897.0,49.0,B,7.52,7.51,7.5,7.49,7.48,7.54,7.55,7.56,7.57,7.58,42,155,274,137,502,106,343,199,106,50
2017-05-26 11:22:26,7.54,3.0,62582.0,83.0,B,7.53,7.52,7.51,7.5,7.49,7.54,7.55,7.56,7.57,7.58,30,42,163,274,137,23,343,199,106,50
2017-05-26 11:22:29,7.54,1.0,17342.0,23.0,B,7.54,7.53,7.52,7.51,7.5,7.55,7.56,7.57,7.58,7.59,83,30,42,163,274,343,199,106,50,225
2017-05-26 11:22:41,7.55,2.0,19630.0,26.0,B,7.54,7.52,7.51,7.5,7.49,7.55,7.56,7.57,7.58,7.59,83,42,153,274,137,319,199,106,50,225
2017-05-26 11:22:47,7.54,1.0,754.0,1.0,S,7.54,7.52,7.51,7.5,7.49,7.55,7.56,7.57,7.58,7.59,82,42,153,274,137,319,194,106,50,225
2017-05-26 11:23:11,7.55,2.0,61910.0,82.0,B,7.52,7.51,7.5,7.49,7.48,7.55,7.56,7.57,7.58,7.59,72,283,274,137,504,237,194,106,50,225
2017-05-26 11:23:29,7.54,1.0,7540.0,10.0,B,7.52,7.51,7.5,7.49,7.48,7.54,7.55,7.56,7.57,7.58,82,283,274,137,504,20,237,244,106,50
2017-05-26 11:23:47,7.52,1.0,752.0,1.0,S,7.52,7.51,7.5,7.49,7.48,7.54,7.55,7.56,7.57,7.58,81,283,274,137,504,21,237,244,111,50
2017-05-26 11:24:26,7.52,10.0,73696.0,98.0,S,7.51,7.5,7.49,7.48,7.47,7.52,7.54,7.55,7.56,7.57,319,274,137,504,326,2,63,237,244,111
2017-05-26 11:24:32,7.52,1.0,1504.0,2.0,B,7.51,7.5,7.49,7.48,7.47,7.52,7.54,7.55,7.56,7.57,319,274,137,504,326,1,63,237,244,111
2017-05-26 11:24:35,7.52,1.0,752.0,1.0,B,7.51,7.5,7.49,7.48,7.47,7.54,7.55,7.56,7.57,7.58,319,274,137,504,326,63,237,244,111,10
2017-05-26 11:25:32,7.52,1.0,752.0,1.0,S,7.52,7.51,7.5,7.49,7.48,7.54,7.55,7.56,7.57,7.58,72,319,274,122,504,161,237,274,111,10
2017-05-26 11:25:47,7.52,1.0,752.0,1.0,S,7.52,7.51,7.5,7.49,7.48,7.54,7.55,7.56,7.57,7.58,77,319,274,122,504,161,237,274,111,10
2017-05-26 11:25:53,7.52,3.0,19552.0,26.0,S,7.52,7.51,7.5,7.49,7.48,7.54,7.55,7.56,7.57,7.58,51,319,274,122,504,161,237,274,111,10
2017-05-26 11:26:02,7.52,1.0,752.0,1.0,S,7.52,7.51,7.5,7.49,7.48,7.53,7.54,7.55,7.56,7.57,50,319,274,122,504,1,161,235,274,111
2017-05-26 11:26:32,7.52,1.0,1504.0,2.0,S,7.52,7.51,7.5,7.49,7.48,7.53,7.54,7.55,7.56,7.57,48,319,274,122,504,1,160,235,274,111
2017-05-26 11:26:41,7.53,1.0,753.0,1.0,B,7.53,7.52,7.51,7.5,7.49,7.54,7.55,7.56,7.57,7.58,2,48,319,274,122,160,235,274,111,10
2017-05-26 11:27:47,7.53,1.0,753.0,1.0,S,7.53,7.52,7.51,7.5,7.49,7.54,7.55,7.56,7.57,7.58,1,54,319,274,122,160,235,270,111,10
2017-05-26 11:29:26,7.52,2.0,21057.0,28.0,S,7.52,7.51,7.5,7.49,7.48,7.54,7.55,7.56,7.57,7.58,37,329,274,122,504,160,240,270,111,10
2017-05-26 11:29:47,7.52,1.0,753.0,1.0,S,7.52,7.51,7.5,7.49,7.48,7.54,7.55,7.56,7.57,7.58,36,329,274,122,504,160,240,270,111,10
2017-05-26 13:00:02,7.54,1.0,753.0,1.0,B,7.52,7.51,7.5,7.49,7.48,7.54,7.55,7.56,7.57,7.58,55,329,252,132,504,139,240,269,111,11
2017-05-26 13:00:05,7.52,2.0,7520.0,10.0,S,7.52,7.51,7.5,7.49,7.48,7.54,7.55,7.56,7.57,7.58,173,229,252,132,504,42,244,269,111,11
2017-05-26 13:00:38,7.52,7.0,75200.0,100.0,S,7.52,7.51,7.5,7.49,7.48,7.54,7.55,7.56,7.57,7.58,73,229,252,132,504,42,244,269,111,11
2017-05-26 13:01:47,7.53,1.0,753.0,1.0,S,7.53,7.52,7.51,7.5,7.49,7.54,7.55,7.56,7.57,7.58,43,73,239,252,132,42,244,269,111,11
2017-05-26 13:01:53,7.53,1.0,32379.0,43.0,S,7.52,7.51,7.5,7.49,7.48,7.53,7.54,7.55,7.56,7.57,73,239,252,122,504,8,42,244,269,111
2017-05-26 13:01:56,7.52,1.0,18800.0,25.0,S,7.52,7.51,7.5,7.49,7.48,7.53,7.54,7.55,7.56,7.57,48,239,252,122,504,8,42,244,269,111
2017-05-26 13:02:02,7.52,1.0,3008.0,4.0,S,7.52,7.51,7.5,7.49,7.48,7.53,7.54,7.55,7.56,7.57,54,239,252,122,504,8,42,244,269,111
2017-05-26 13:02:05,7.53,1.0,754.0,1.0,B,7.52,7.51,7.5,7.49,7.48,7.53,7.54,7.55,7.56,7.57,54,239,252,122,504,7,42,244,269,111
2017-05-26 13:02:47,7.52,1.0,751.0,1.0,S,7.52,7.51,7.5,7.49,7.48,7.53,7.54,7.55,7.56,7.57,53,239,252,204,504,10,42,244,269,111
2017-05-26 13:03:08,7.52,1.0,752.0,1.0,S,7.52,7.51,7.5,7.49,7.48,7.53,7.54,7.55,7.56,7.57,52,239,252,204,504,3,42,244,269,111
2017-05-26 13:04:44,7.53,1.0,2259.0,3.0,B,7.53,7.52,7.51,7.5,7.49,7.54,7.55,7.56,7.57,7.58,7,52,239,252,204,42,244,269,106,11
2017-05-26 13:04:50,7.53,1.0,753.0,1.0,S,7.53,7.52,7.51,7.5,7.49,7.54,7.55,7.56,7.57,7.58,6,52,239,252,204,42,244,269,106,11
2017-05-26 13:05:32,7.53,1.0,4518.0,6.0,S,7.52,7.51,7.5,7.49,7.48,7.53,7.54,7.55,7.56,7.57,52,239,252,204,504,19,42,244,269,106
2017-05-26 13:05:38,7.52,1.0,3008.0,4.0,S,7.52,7.51,7.5,7.49,7.48,7.53,7.54,7.55,7.56,7.57,48,239,252,204,504,19,42,244,269,106
2017-05-26 13:05:41,7.52,1.0,2256.0,3.0,S,7.52,7.51,7.5,7.49,7.48,7.53,7.54,7.55,7.56,7.57,45,239,252,204,504,19,42,244,269,106
2017-05-26 13:05:50,7.52,1.0,14288.0,19.0,S,7.52,7.51,7.5,7.49,7.48,7.54,7.55,7.56,7.57,7.58,26,239,252,204,504,42,244,269,106,11
2017-05-26 13:06:35,7.54,1.0,5278.0,7.0,B,7.52,7.51,7.5,7.49,7.48,7.54,7.55,7.56,7.57,7.58,26,289,252,204,504,40,244,269,106,11
2017-05-26 13:06:50,7.52,1.0,752.0,1.0,S,7.52,7.51,7.5,7.49,7.48,7.54,7.55,7.56,7.57,7.58,25,289,252,204,504,40,244,269,106,11
2017-05-26 13:07:08,7.54,3.0,30160.0,40.0,B,7.54,7.52,7.51,7.5,7.49,7.55,7.56,7.57,7.58,7.59,360,25,289,252,204,244,269,106,11,225
2017-05-26 13:08:20,7.55,1.0,6040.0,8.0,B,7.54,7.52,7.51,7.5,7.49,7.55,7.56,7.57,7.58,7.59,360,107,289,252,122,335,368,35,11,225
2017-05-26 13:08:32,7.54,1.0,1508.0,2.0,S,7.54,7.52,7.51,7.5,7.49,7.55,7.56,7.57,7.58,7.59,358,107,289,252,122,335,368,35,11,225
2017-05-26 13:08:44,7.54,1.0,19604.0,26.0,S,7.54,7.52,7.51,7.5,7.49,7.55,7.56,7.57,7.58,7.59,332,117,289,252,122,335,368,35,11,225
2017-05-26 13:08:47,7.54,1.0,754.0,1.0,S,7.54,7.52,7.51,7.5,7.49,7.55,7.56,7.57,7.58,7.59,331,117,289,252,122,335,368,35,11,225
2017-05-26 13:08:56,7.55,1.0,26425.0,35.0,B,7.54,7.52,7.51,7.5,7.49,7.55,7.56,7.57,7.58,7.59,331,117,289,252,122,300,368,35,11,225
2017-05-26 13:09:47,7.55,3.0,29444.0,39.0,B,7.54,7.52,7.51,7.5,7.49,7.55,7.56,7.57,7.58,7.59,330,117,289,254,122,289,368,35,1,225
2017-05-26 13:10:23,7.55,1.0,3775.0,5.0,B,7.54,7.52,7.51,7.5,7.49,7.55,7.56,7.57,7.58,7.59,330,117,279,254,122,257,368,35,1,225
2017-05-26 13:10:53,7.54,1.0,754.0,1.0,S,7.54,7.52,7.51,7.5,7.49,7.55,7.56,7.57,7.58,7.59,329,117,279,254,122,257,368,35,7,225
2017-05-26 13:11:20,7.55,1.0,64930.0,86.0,B,7.54,7.52,7.51,7.5,7.49,7.55,7.56,7.57,7.58,7.59,338,125,279,254,122,171,338,35,12,225
2017-05-26 13:11:44,7.54,1.0,7540.0,10.0,S,7.54,7.52,7.51,7.5,7.49,7.55,7.56,7.57,7.58,7.59,328,125,279,254,122,171,338,35,12,225
2017-05-26 13:11:47,7.55,1.0,21140.0,28.0,B,7.54,7.52,7.51,7.5,7.49,7.55,7.56,7.57,7.58,7.59,328,125,279,254,122,146,338,35,12,225
2017-05-26 13:11:53,7.54,1.0,754.0,1.0,S,7.54,7.52,7.51,7.5,7.49,7.55,7.56,7.57,7.58,7.59,327,125,279,254,122,146,338,35,12,225
2017-05-26 13:12:26,7.54,2.0,15080.0,20.0,S,7.54,7.52,7.51,7.5,7.49,7.55,7.56,7.57,7.58,7.59,307,125,279,254,122,179,338,35,42,225
2017-05-26 13:12:38,7.54,1.0,1508.0,2.0,S,7.54,7.52,7.51,7.5,7.49,7.55,7.56,7.57,7.58,7.59,305,125,279,276,122,179,338,35,42,225
2017-05-26 13:12:50,7.54,1.0,18850.0,25.0,S,7.54,7.52,7.51,7.5,7.49,7.55,7.56,7.57,7.58,7.59,280,125,279,276,122,179,338,35,42,225
2017-05-26 13:12:59,7.54,1.0,3016.0,4.0,S,7.54,7.52,7.51,7.5,7.49,7.55,7.56,7.57,7.58,7.59,281,140,279,276,122,179,338,35,42,225
2017-05-26 13:13:17,7.54,1.0,2262.0,3.0,S,7.54,7.52,7.51,7.5,7.49,7.55,7.56,7.57,7.58,7.59,278,140,279,276,122,256,338,35,42,225
2017-05-26 13:13:50,7.54,1.0,754.0,1.0,S,7.54,7.52,7.51,7.5,7.49,7.55,7.56,7.57,7.58,7.59,277,140,279,276,122,256,338,35,42,225
2017-05-26 13:14:02,7.55,1.0,3020.0,4.0,B,7.54,7.52,7.51,7.5,7.49,7.55,7.56,7.57,7.58,7.59,277,140,279,276,122,252,338,35,42,225
2017-05-26 13:14:47,7.54,1.0,33931.0,45.0,S,7.54,7.52,7.51,7.5,7.49,7.55,7.56,7.57,7.58,7.59,232,140,279,276,122,252,338,35,42,225
2017-05-26 13:14:53,7.54,1.0,1507.0,2.0,S,7.54,7.52,7.51,7.5,7.49,7.55,7.56,7.57,7.58,7.59,230,140,279,276,122,252,338,35,42,225
2017-05-26 13:14:56,7.55,1.0,3775.0,5.0,B,7.54,7.52,7.51,7.5,7.49,7.55,7.56,7.57,7.58,7.59,230,140,279,276,122,247,338,35,42,225
2017-05-26 13:15:50,7.54,1.0,754.0,1.0,S,7.54,7.52,7.51,7.5,7.49,7.55,7.56,7.57,7.58,7.59,229,140,279,254,122,247,338,35,42,225
2017-05-26 13:16:44,7.54,1.0,1508.0,2.0,S,7.54,7.52,7.51,7.5,7.49,7.55,7.56,7.57,7.58,7.59,469,140,279,276,122,247,338,35,42,225
2017-05-26 13:17:17,7.54,1.0,2262.0,3.0,S,7.54,7.52,7.51,7.5,7.49,7.55,7.56,7.57,7.58,7.59,506,140,279,296,122,394,288,35,42,225
2017-05-26 13:17:20,7.55,2.0,1510.0,2.0,B,7.54,7.52,7.51,7.5,7.49,7.55,7.56,7.57,7.58,7.59,506,140,279,296,122,392,288,35,42,225
2017-05-26 13:17:23,7.55,1.0,755.0,1.0,B,7.54,7.52,7.51,7.5,7.49,7.55,7.56,7.57,7.58,7.59,506,140,279,296,122,391,288,35,42,225
2017-05-26 13:17:56,7.55,2.0,1509.0,2.0,B,7.54,7.52,7.51,7.5,7.49,7.55,7.56,7.57,7.58,7.59,535,140,279,296,122,440,288,35,42,225
2017-05-26 13:18:20,7.54,1.0,16588.0,22.0,S,7.54,7.52,7.51,7.5,7.49,7.55,7.56,7.57,7.58,7.59,513,140,279,276,122,440,288,35,42,225
2017-05-26 13:18:26,7.55,1.0,3020.0,4.0,B,7.54,7.52,7.51,7.5,7.49,7.55,7.56,7.57,7.58,7.59,513,155,279,276,122,436,288,35,42,225
2017-05-26 13:18:53,7.54,1.0,754.0,1.0,S,7.54,7.52,7.51,7.5,7.49,7.55,7.56,7.57,7.58,7.59,512,155,279,276,122,436,288,35,42,225
2017-05-26 13:19:05,7.55,2.0,7550.0,10.0,B,7.54,7.52,7.51,7.5,7.49,7.55,7.56,7.57,7.58,7.59,512,155,279,276,122,426,288,35,42,225
2017-05-26 13:19:35,7.54,1.0,18850.0,25.0,S,7.54,7.52,7.51,7.5,7.49,7.55,7.56,7.57,7.58,7.59,487,182,279,276,122,446,288,35,42,225
2017-05-26 13:19:41,7.55,1.0,3020.0,4.0,B,7.54,7.52,7.51,7.5,7.49,7.55,7.56,7.57,7.58,7.59,487,182,279,276,122,442,288,35,42,225
2017-05-26 13:19:59,7.54,1.0,22620.0,30.0,S,7.54,7.52,7.51,7.5,7.49,7.55,7.56,7.57,7.58,7.59,457,177,279,276,122,442,288,35,62,225
2017-05-26 13:20:02,7.54,1.0,12818.0,17.0,S,7.54,7.52,7.51,7.5,7.49,7.55,7.56,7.57,7.58,7.59,440,177,279,276,122,442,288,35,62,225
2017-05-26 13:20:14,7.54,1.0,13572.0,18.0,S,7.54,7.52,7.51,7.5,7.49,7.55,7.56,7.57,7.58,7.59,422,177,279,276,122,442,288,35,62,225
2017-05-26 13:20:17,7.55,4.0,11325.0,15.0,B,7.54,7.52,7.51,7.5,7.49,7.55,7.56,7.57,7.58,7.59,422,177,279,276,122,427,288,35,62,225
2017-05-26 13:20:47,7.54,8.0,318188.0,422.0,S,7.52,7.51,7.5,7.49,7.48,7.54,7.55,7.56,7.57,7.58,177,279,276,122,504,378,427,288,35,62
2017-05-26 13:21:05,7.54,1.0,7540.0,10.0,B,7.52,7.51,7.5,7.49,7.48,7.54,7.55,7.56,7.57,7.58,177,279,276,122,504,369,427,288,35,62
2017-05-26 13:21:17,7.52,1.0,2256.0,3.0,S,7.52,7.51,7.5,7.49,7.48,7.54,7.55,7.56,7.57,7.58,174,279,276,122,504,374,427,288,35,62
2017-05-26 13:21:35,7.52,3.0,59408.0,79.0,S,7.52,7.51,7.5,7.49,7.48,7.54,7.55,7.56,7.57,7.58,68,279,276,122,504,373,427,288,35,62
2017-05-26 13:21:59,7.52,1.0,15040.0,20.0,S,7.52,7.51,7.5,7.49,7.48,7.54,7.55,7.56,7.57,7.58,98,279,276,122,504,373,427,288,35,62
2017-05-26 13:22:56,7.52,1.0,752.0,1.0,S,7.52,7.51,7.5,7.49,7.48,7.54,7.55,7.56,7.57,7.58,109,279,276,122,504,35,427,288,35,62
2017-05-26 13:23:17,7.52,5.0,54144.0,72.0,S,7.52,7.51,7.5,7.49,7.48,7.54,7.55,7.56,7.57,7.58,42,299,276,122,504,30,427,288,35,62
2017-05-26 13:23:47,7.52,1.0,1504.0,2.0,S,7.52,7.51,7.5,7.49,7.48,7.53,7.54,7.55,7.56,7.57,40,309,276,122,504,5,438,427,298,35
2017-05-26 13:23:53,7.53,1.0,3765.0,5.0,B,7.52,7.51,7.5,7.49,7.48,7.54,7.55,7.56,7.57,7.58,40,309,276,122,504,438,427,298,35,62
2017-05-26 13:24:32,7.53,1.0,753.0,1.0,B,7.53,7.52,7.51,7.5,7.49,7.54,7.55,7.56,7.57,7.58,119,84,309,276,122,438,427,298,35,62
2017-05-26 13:24:35,7.53,1.0,18825.0,25.0,S,7.53,7.52,7.51,7.5,7.49,7.54,7.55,7.56,7.57,7.58,94,84,309,276,122,438,427,298,35,62
2017-05-26 13:24:38,7.53,1.0,3012.0,4.0,S,7.53,7.52,7.51,7.5,7.49,7.54,7.55,7.56,7.57,7.58,90,84,309,276,122,438,427,298,35,62
2017-05-26 13:24:41,7.53,1.0,32379.0,43.0,S,7.53,7.52,7.51,7.5,7.49,7.54,7.55,7.56,7.57,7.58,47,84,309,276,122,438,427,298,35,62
2017-05-26 13:24:56,7.53,1.0,753.0,1.0,S,7.53,7.52,7.51,7.5,7.49,7.54,7.55,7.56,7.57,7.58,46,102,304,276,122,438,427,298,35,62
2017-05-26 13:25:53,7.53,1.0,7530.0,10.0,S,7.53,7.52,7.51,7.5,7.49,7.54,7.55,7.56,7.57,7.58,45,102,504,276,122,438,481,298,35,62
2017-05-26 13:26:08,7.54,3.0,99528.0,132.0,B,7.53,7.52,7.51,7.5,7.49,7.54,7.55,7.56,7.57,7.58,45,102,504,276,122,306,481,298,35,62
2017-05-26 13:26:17,7.53,1.0,1506.0,2.0,S,7.53,7.52,7.51,7.5,7.49,7.54,7.55,7.56,7.57,7.58,43,102,504,276,122,306,481,298,35,62
2017-05-26 13:26:23,7.54,1.0,99528.0,132.0,B,7.53,7.52,7.51,7.5,7.49,7.54,7.55,7.56,7.57,7.58,43,102,504,276,122,174,481,298,35,62
2017-05-26 13:26:35,7.53,1.0,1506.0,2.0,S,7.53,7.52,7.51,7.5,7.49,7.54,7.55,7.56,7.57,7.58,41,102,504,276,122,174,481,298,423,62
2017-05-26 13:26:47,7.53,1.0,1506.0,2.0,S,7.53,7.52,7.51,7.5,7.49,7.54,7.55,7.56,7.57,7.58,39,152,504,276,122,174,486,298,423,62
2017-05-26 13:26:56,7.53,1.0,753.0,1.0,S,7.53,7.52,7.51,7.5,7.49,7.54,7.55,7.56,7.57,7.58,57,152,504,276,122,174,486,298,423,62
2017-05-26 13:28:44,7.53,1.0,9789.0,13.0,S,7.53,7.52,7.51,7.5,7.49,7.54,7.55,7.56,7.57,7.58,80,162,525,204,122,174,486,199,423,62
2017-05-26 13:28:50,7.53,1.0,7530.0,10.0,S,7.53,7.52,7.51,7.5,7.49,7.54,7.55,7.56,7.57,7.58,70,162,525,204,122,174,486,199,423,62
2017-05-26 13:29:14,7.54,1.0,8294.0,11.0,B,7.53,7.52,7.51,7.5,7.49,7.54,7.55,7.56,7.57,7.58,70,192,528,204,122,163,486,199,423,62
2017-05-26 13:29:59,7.53,4.0,24096.0,32.0,B,7.53,7.52,7.51,7.5,7.49,7.54,7.55,7.56,7.57,7.58,48,192,528,209,122,163,486,199,423,62
2017-05-26 13:30:47,7.54,1.0,18096.0,24.0,B,7.53,7.52,7.51,7.5,7.49,7.54,7.55,7.56,7.57,7.58,51,192,507,209,127,139,486,204,423,62
2017-05-26 13:30:50,7.53,3.0,19578.0,26.0,S,7.53,7.52,7.51,7.5,7.49,7.54,7.55,7.56,7.57,7.58,25,192,507,209,127,139,486,204,423,62
2017-05-26 13:30:53,7.54,1.0,18096.0,24.0,B,7.53,7.52,7.51,7.5,7.49,7.54,7.55,7.56,7.57,7.58,25,192,507,209,127,115,486,204,423,62
2017-05-26 13:30:56,7.53,1.0,3012.0,4.0,S,7.53,7.52,7.51,7.5,7.49,7.54,7.55,7.56,7.57,7.58,21,192,507,231,127,115,486,204,423,62
2017-05-26 13:31:38,7.54,1.0,3770.0,5.0,B,7.53,7.52,7.51,7.5,7.49,7.54,7.55,7.56,7.57,7.58,76,192,507,231,127,111,486,204,423,62
2017-05-26 13:31:44,7.54,3.0,12818.0,17.0,B,7.53,7.52,7.51,7.5,7.49,7.54,7.55,7.56,7.57,7.58,76,192,507,231,127,94,486,204,423,62
2017-05-26 13:33:20,7.54,4.0,82186.0,109.0,B,7.54,7.53,7.52,7.51,7.5,7.55,7.56,7.57,7.58,7.59,8,76,192,507,231,453,204,423,62,307
2017-05-26 13:33:56,7.53,6.0,25610.0,34.0,S,7.53,7.52,7.51,7.5,7.49,7.55,7.56,7.57,7.58,7.59,50,292,507,231,127,454,204,423,62,307
2017-05-26 13:34:50,7.53,1.0,3765.0,5.0,S,7.52,7.51,7.5,7.49,7.48,7.53,7.55,7.56,7.57,7.58,292,507,231,127,97,25,455,204,423,62
2017-05-26 13:34:59,7.52,3.0,27072.0,36.0,S,7.52,7.51,7.5,7.49,7.48,7.53,7.55,7.56,7.57,7.58,256,507,231,127,97,25,401,204,423,62
2017-05-26 13:35:26,7.53,1.0,18825.0,25.0,B,7.53,7.52,7.51,7.5,7.49,7.55,7.56,7.57,7.58,7.59,20,256,507,275,127,421,204,423,62,307
2017-05-26 13:35:47,7.53,1.0,12048.0,16.0,S,7.53,7.52,7.51,7.5,7.49,7.55,7.56,7.57,7.58,7.59,4,256,507,275,127,421,204,423,62,307
2017-05-26 13:35:50,7.53,1.0,753.0,1.0,S,7.53,7.52,7.51,7.5,7.49,7.55,7.56,7.57,7.58,7.59,3,256,507,275,127,421,204,423,62,307
2017-05-26 13:36:38,7.54,1.0,29406.0,39.0,S,7.54,7.53,7.52,7.51,7.5,7.55,7.56,7.57,7.58,7.59,141,3,301,507,275,421,204,423,62,357
2017-05-26 13:37:14,7.54,1.0,3770.0,5.0,S,7.54,7.53,7.52,7.51,7.5,7.55,7.56,7.57,7.58,7.59,136,13,301,507,288,422,204,423,62,357
2017-05-26 13:38:05,7.55,1.0,1510.0,2.0,B,7.54,7.53,7.52,7.51,7.5,7.55,7.56,7.57,7.58,7.59,136,26,706,507,288,420,204,423,62,357
2017-05-26 13:38:11,7.54,1.0,754.0,1.0,S,7.54,7.53,7.52,7.51,7.5,7.55,7.56,7.57,7.58,7.59,135,26,706,507,288,420,204,423,62,357
2017-05-26 13:38:17,7.54,1.0,2262.0,3.0,S,7.54,7.53,7.52,7.51,7.5,7.55,7.56,7.57,7.58,7.59,132,26,706,507,288,419,204,423,62,357
2017-05-26 13:38:29,7.55,1.0,755.0,1.0,B,7.54,7.53,7.52,7.51,7.5,7.55,7.56,7.57,7.58,7.59,132,13,706,507,288,418,204,423,62,357
2017-05-26 13:38:38,7.54,1.0,16588.0,22.0,S,7.54,7.53,7.52,7.51,7.5,7.55,7.56,7.57,7.58,7.59,110,13,706,507,288,418,204,423,62,357
2017-05-26 13:38:47,7.55,1.0,7550.0,10.0,B,7.54,7.53,7.52,7.51,7.5,7.55,7.56,7.57,7.58,7.59,113,13,706,507,288,408,204,423,62,357
2017-05-26 13:39:02,7.54,1.0,754.0,1.0,S,7.54,7.53,7.52,7.51,7.5,7.55,7.56,7.57,7.58,7.59,112,13,706,507,288,458,204,423,62,357
2017-05-26 13:40:41,7.54,1.0,32422.0,43.0,S,7.54,7.53,7.52,7.51,7.5,7.55,7.56,7.57,7.58,7.59,69,13,706,507,288,458,204,423,62,357
2017-05-26 13:40:53,7.54,1.0,754.0,1.0,S,7.54,7.53,7.52,7.51,7.5,7.55,7.56,7.57,7.58,7.59,68,13,706,507,288,458,204,423,62,357
2017-05-26 13:40:59,7.54,1.0,42224.0,56.0,S,7.54,7.53,7.52,7.51,7.5,7.55,7.56,7.57,7.58,7.59,12,13,706,507,288,458,204,423,62,357
2017-05-26 13:41:11,7.55,1.0,7550.0,10.0,B,7.54,7.53,7.52,7.51,7.5,7.55,7.56,7.57,7.58,7.59,12,16,706,507,288,448,204,423,62,357
2017-05-26 13:41:23,7.55,1.0,3775.0,5.0,B,7.54,7.53,7.52,7.51,7.5,7.55,7.56,7.57,7.58,7.59,12,16,706,507,288,443,204,423,62,357
2017-05-26 13:41:29,7.55,1.0,19630.0,26.0,B,7.54,7.53,7.52,7.51,7.5,7.55,7.56,7.57,7.58,7.59,12,16,706,507,288,417,204,423,62,357
2017-05-26 13:41:35,7.54,2.0,9048.0,12.0,S,7.53,7.52,7.51,7.5,7.49,7.54,7.55,7.56,7.57,7.58,16,706,507,288,127,13,417,204,423,62
2017-05-26 13:41:56,7.53,4.0,21837.0,29.0,S,7.53,7.52,7.51,7.5,7.49,7.54,7.55,7.56,7.57,7.58,2,706,507,288,127,13,417,204,423,62
2017-05-26 13:42:05,7.53,1.0,1506.0,2.0,S,7.52,7.51,7.5,7.49,7.48,7.53,7.55,7.56,7.57,7.58,706,507,288,127,97,11,417,204,423,62
2017-05-26 13:42:20,7.53,2.0,8306.0,11.0,B,7.53,7.52,7.51,7.5,7.49,7.55,7.56,7.57,7.58,7.59,35,811,507,266,127,417,204,423,62,357
2017-05-26 13:42:47,7.53,1.0,1506.0,2.0,S,7.53,7.52,7.51,7.5,7.49,7.55,7.56,7.57,7.58,7.59,154,811,507,266,127,417,204,423,62,357
2017-05-26 13:43:05,7.53,6.0,125728.0,167.0,S,7.52,7.51,7.5,7.49,7.48,7.53,7.55,7.56,7.57,7.58,811,507,266,127,97,40,417,204,423,62
2017-05-26 13:43:26,7.53,2.0,48945.0,65.0,B,7.52,7.51,7.5,7.49,7.48,7.53,7.55,7.56,7.57,7.58,811,507,266,127,97,175,417,204,423,62
2017-05-26 13:43:32,7.52,3.0,15792.0,21.0,S,7.52,7.51,7.5,7.49,7.48,7.53,7.55,7.56,7.57,7.58,790,507,266,127,97,182,417,204,423,62
2017-05-26 13:43:56,7.53,1.0,2259.0,3.0,B,7.52,7.51,7.5,7.49,7.48,7.53,7.55,7.56,7.57,7.58,790,507,266,127,97,180,417,204,423,62
2017-05-26 13:43:59,7.52,4.0,69986.0,93.0,S,7.52,7.51,7.5,7.49,7.48,7.53,7.55,7.56,7.57,7.58,747,507,266,127,97,130,417,204,423,62
2017-05-26 13:44:17,7.53,1.0,7530.0,10.0,B,7.52,7.51,7.5,7.49,7.48,7.53,7.55,7.56,7.57,7.58,747,507,266,127,97,121,467,204,423,62
2017-05-26 13:44:26,7.53,8.0,91136.0,121.0,B,7.53,7.52,7.51,7.5,7.49,7.55,7.56,7.57,7.58,7.59,38,747,507,266,127,467,204,423,62,357
2017-05-26 13:44:59,7.53,2.0,18825.0,25.0,S,7.53,7.52,7.51,7.5,7.49,7.55,7.56,7.57,7.58,7.59,188,763,507,266,127,469,204,423,62,357
2017-05-26 13:45:02,7.53,2.0,16566.0,22.0,S,7.53,7.52,7.51,7.5,7.49,7.55,7.56,7.57,7.58,7.59,176,763,507,266,127,469,204,423,62,357
2017-05-26 13:45:05,7.53,1.0,3012.0,4.0,S,7.53,7.52,7.51,7.5,7.49,7.55,7.56,7.57,7.58,7.59,172,763,507,266,127,469,204,423,62,357
2017-05-26 13:45:17,7.55,1.0,5285.0,7.0,B,7.54,7.53,7.52,7.51,7.5,7.55,7.56,7.57,7.58,7.59,174,199,763,504,266,462,204,423,62,357
2017-05-26 13:45:32,7.54,1.0,50518.0,67.0,S,7.54,7.53,7.52,7.51,7.5,7.55,7.56,7.57,7.58,7.59,107,218,763,504,266,502,204,423,62,357
2017-05-26 13:46:38,7.55,1.0,19630.0,26.0,B,7.53,7.52,7.51,7.5,7.49,7.55,7.56,7.57,7.58,7.59,209,763,504,266,127,476,204,423,62,381
2017-05-26 13:47:47,7.53,2.0,2259.0,3.0,S,7.53,7.52,7.51,7.5,7.49,7.54,7.55,7.56,7.57,7.58,225,763,504,266,127,30,476,204,423,62
2017-05-26 13:48:08,7.54,2.0,25636.0,34.0,B,7.54,7.53,7.52,7.51,7.5,7.55,7.56,7.57,7.58,7.59,16,228,753,504,266,476,204,423,62,381
2017-05-26 13:48:17,7.54,1.0,6032.0,8.0,S,7.54,7.53,7.52,7.51,7.5,7.55,7.56,7.57,7.58,7.59,8,228,753,504,266,483,204,423,62,381
2017-05-26 13:48:23,7.54,1.0,6032.0,8.0,S,7.54,7.53,7.52,7.51,7.5,7.55,7.56,7.57,7.58,7.59,32,228,753,504,266,483,204,423,62,381
2017-05-26 13:48:47,7.54,2.0,21112.0,28.0,S,7.54,7.53,7.52,7.51,7.5,7.55,7.56,7.57,7.58,7.59,4,228,768,504,266,483,204,423,62,381
2017-05-26 13:49:02,7.54,2.0,5278.0,7.0,S,7.53,7.52,7.51,7.5,7.49,7.54,7.55,7.56,7.57,7.58,228,768,504,266,127,9,483,204,423,62
2017-05-26 13:49:08,7.54,2.0,5278.0,7.0,B,7.53,7.52,7.51,7.5,7.49,7.54,7.55,7.56,7.57,7.58,228,768,504,266,127,2,483,204,423,62
2017-05-26 13:49:35,7.53,1.0,3765.0,5.0,S,7.53,7.52,7.51,7.5,7.49,7.54,7.55,7.56,7.57,7.58,223,768,504,266,127,8,483,204,423,62
2017-05-26 13:49:41,7.53,2.0,24096.0,32.0,S,7.53,7.52,7.51,7.5,7.49,7.54,7.55,7.56,7.57,7.58,191,768,504,266,127,8,483,204,423,62
2017-05-26 13:49:53,7.53,1.0,3012.0,4.0,S,7.53,7.52,7.51,7.5,7.49,7.54,7.55,7.56,7.57,7.58,187,738,504,266,127,8,483,204,423,62
2017-05-26 13:50:17,7.53,1.0,1506.0,2.0,S,7.53,7.52,7.51,7.5,7.49,7.54,7.55,7.56,7.57,7.58,185,708,504,266,127,36,481,204,423,62
2017-05-26 13:50:23,7.53,1.0,1506.0,2.0,S,7.53,7.52,7.51,7.5,7.49,7.54,7.55,7.56,7.57,7.58,183,708,504,266,127,36,481,204,423,62
2017-05-26 13:51:05,7.53,3.0,18825.0,25.0,S,7.53,7.52,7.51,7.5,7.49,7.54,7.55,7.56,7.57,7.58,158,708,504,266,142,36,481,204,423,62
2017-05-26 13:52:08,7.53,2.0,40662.0,54.0,S,7.53,7.52,7.51,7.5,7.49,7.54,7.55,7.56,7.57,7.58,104,708,504,266,142,36,481,204,423,62
2017-05-26 13:52:17,7.53,1.0,1506.0,2.0,S,7.53,7.52,7.51,7.5,7.49,7.54,7.55,7.56,7.57,7.58,102,738,504,266,142,36,481,204,423,62
2017-05-26 13:52:20,7.53,4.0,43674.0,58.0,S,7.53,7.52,7.51,7.5,7.49,7.54,7.55,7.56,7.57,7.58,11,738,504,266,142,36,481,204,423,62
2017-05-26 13:52:23,7.53,1.0,3765.0,5.0,S,7.53,7.52,7.51,7.5,7.49,7.54,7.55,7.56,7.57,7.58,6,738,504,271,142,36,481,204,423,62
2017-05-26 13:52:47,7.52,3.0,30838.0,41.0,S,7.52,7.51,7.5,7.49,7.48,7.54,7.55,7.56,7.57,7.58,703,504,271,142,97,36,481,204,423,67
2017-05-26 13:53:08,7.54,1.0,1508.0,2.0,B,7.52,7.51,7.5,7.49,7.48,7.54,7.55,7.56,7.57,7.58,703,504,271,142,97,34,481,204,423,67
2017-05-26 13:53:44,7.53,1.0,15060.0,20.0,S,7.53,7.52,7.51,7.5,7.49,7.54,7.55,7.56,7.57,7.58,2,753,504,281,142,34,481,204,423,67
2017-05-26 13:53:50,7.53,1.0,1506.0,2.0,S,7.52,7.51,7.5,7.49,7.48,7.53,7.54,7.55,7.56,7.57,753,504,281,142,97,24,34,481,204,423
2017-05-26 13:53:59,7.53,1.0,753.0,1.0,B,7.52,7.51,7.5,7.49,7.48,7.53,7.54,7.55,7.56,7.57,753,504,281,142,97,23,34,481,204,423
2017-05-26 13:54:17,7.52,1.0,752.0,1.0,S,7.52,7.51,7.5,7.49,7.48,7.53,7.54,7.55,7.56,7.57,752,504,281,142,97,38,34,481,204,423
2017-05-26 13:54:23,7.52,2.0,17296.0,23.0,S,7.52,7.51,7.5,7.49,7.48,7.53,7.54,7.55,7.56,7.57,729,504,281,142,97,15,34,481,204,423
2017-05-26 13:54:26,7.53,1.0,2259.0,3.0,B,7.52,7.51,7.5,7.49,7.48,7.53,7.54,7.55,7.56,7.57,729,504,281,142,97,12,34,481,204,423
2017-05-26 13:54:50,7.53,1.0,9036.0,12.0,B,7.53,7.52,7.51,7.5,7.49,7.54,7.55,7.56,7.57,7.58,8,729,604,281,142,34,481,204,423,67
2017-05-26 13:55:17,7.53,1.0,752.0,1.0,S,7.53,7.52,7.51,7.5,7.49,7.54,7.55,7.56,7.57,7.58,117,729,614,281,142,34,481,204,423,67
2017-05-26 13:56:17,7.53,3.0,38404.0,51.0,S,7.53,7.52,7.51,7.5,7.49,7.54,7.55,7.56,7.57,7.58,6,724,614,261,142,195,430,204,423,67
2017-05-26 13:56:41,7.54,9.0,147030.0,195.0,B,7.54,7.53,7.52,7.51,7.5,7.55,7.56,7.57,7.58,7.59,1,220,724,614,261,430,204,423,67,381
2017-05-26 13:57:17,7.54,1.0,754.0,1.0,S,7.54,7.53,7.52,7.51,7.5,7.55,7.56,7.57,7.58,7.59,235,470,724,614,261,430,204,423,67,381
2017-05-26 13:57:26,7.55,8.0,158550.0,210.0,B,7.54,7.53,7.52,7.51,7.5,7.55,7.56,7.57,7.58,7.59,235,470,725,614,261,220,204,423,67,381
2017-05-26 13:57:47,7.54,1.0,1507.0,2.0,S,7.54,7.53,7.52,7.51,7.5,7.55,7.56,7.57,7.58,7.59,401,470,725,614,261,220,204,423,100,381
2017-05-26 13:57:53,7.55,5.0,50586.0,67.0,B,7.54,7.53,7.52,7.51,7.5,7.55,7.56,7.57,7.58,7.59,401,667,725,614,261,153,204,423,100,381
2017-05-26 13:57:59,7.55,1.0,3775.0,5.0,B,7.54,7.53,7.52,7.51,7.5,7.55,7.56,7.57,7.58,7.59,413,667,725,614,261,148,204,423,100,381
2017-05-26 13:58:14,7.55,2.0,9060.0,12.0,B,7.54,7.53,7.52,7.51,7.5,7.55,7.56,7.57,7.58,7.59,401,667,725,614,261,136,204,423,100,381
2017-05-26 13:58:47,7.55,1.0,2265.0,3.0,B,7.54,7.53,7.52,7.51,7.5,7.55,7.56,7.57,7.58,7.59,401,667,725,614,261,133,204,423,100,381
2017-05-26 13:58:56,7.54,2.0,37700.0,50.0,S,7.54,7.53,7.52,7.51,7.5,7.55,7.56,7.57,7.58,7.59,351,667,725,614,261,133,204,423,100,381
2017-05-26 13:59:50,7.55,1.0,26425.0,35.0,B,7.54,7.53,7.52,7.51,7.5,7.55,7.56,7.57,7.58,7.59,351,677,725,614,261,129,204,423,100,381
2017-05-26 13:59:59,7.55,6.0,97395.0,129.0,B,7.55,7.54,7.53,7.52,7.51,7.56,7.57,7.58,7.59,7.6,371,351,677,725,614,204,423,100,381,288
2017-05-26 14:00:23,7.56,1.0,9827.0,13.0,B,7.55,7.54,7.53,7.52,7.51,7.56,7.57,7.58,7.59,7.6,371,351,677,725,594,192,423,100,381,288
2017-05-26 14:00:32,7.56,1.0,757.0,1.0,B,7.55,7.54,7.53,7.52,7.51,7.56,7.57,7.58,7.59,7.6,371,366,677,725,594,191,423,100,381,288
2017-05-26 14:01:02,7.56,1.0,12851.0,17.0,B,7.55,7.54,7.53,7.52,7.51,7.56,7.57,7.58,7.59,7.6,371,366,677,725,594,174,423,70,381,224
2017-05-26 14:02:11,7.55,2.0,9063.0,12.0,S,7.55,7.54,7.53,7.52,7.51,7.56,7.57,7.58,7.59,7.6,411,466,690,725,594,192,413,70,381,244
2017-05-26 14:02:32,7.55,1.0,3775.0,5.0,S,7.55,7.54,7.53,7.52,7.51,7.56,7.57,7.58,7.59,7.6,406,466,690,725,594,193,413,70,381,244
2017-05-26 14:03:44,7.55,1.0,7549.0,10.0,S,7.55,7.54,7.53,7.52,7.51,7.56,7.57,7.58,7.59,7.6,396,466,690,317,594,193,413,70,381,224
2017-05-26 14:03:50,7.55,1.0,7551.0,10.0,S,7.55,7.54,7.53,7.52,7.51,7.56,7.57,7.58,7.59,7.6,386,466,690,317,594,193,413,70,381,224
2017-05-26 14:04:11,7.55,1.0,15100.0,20.0,S,7.55,7.54,7.53,7.52,7.51,7.56,7.57,7.58,7.59,7.6,366,466,690,317,594,193,413,70,381,224
2017-05-26 14:04:35,7.55,1.0,3775.0,5.0,S,7.55,7.54,7.53,7.52,7.51,7.56,7.57,7.58,7.59,7.6,361,466,690,317,594,193,413,70,381,224
2017-05-26 14:04:38,7.55,1.0,15099.0,20.0,S,7.55,7.54,7.53,7.52,7.51,7.56,7.57,7.58,7.59,7.6,341,466,690,317,594,199,413,70,381,224
2017-05-26 14:05:47,7.55,1.0,1510.0,2.0,S,7.55,7.54,7.53,7.52,7.51,7.56,7.57,7.58,7.59,7.6,339,466,690,317,594,199,413,75,381,224
2017-05-26 14:06:02,7.55,1.0,1511.0,2.0,S,7.55,7.54,7.53,7.52,7.51,7.56,7.57,7.58,7.59,7.6,337,466,690,317,594,199,413,75,381,224
2017-05-26 14:06:08,7.55,2.0,19630.0,26.0,S,7.55,7.54,7.53,7.52,7.51,7.56,7.57,7.58,7.59,7.6,311,466,690,317,594,199,413,75,381,224
2017-05-26 14:06:14,7.55,1.0,2265.0,3.0,S,7.55,7.54,7.53,7.52,7.51,7.56,7.57,7.58,7.59,7.6,308,466,690,317,594,199,413,75,381,224
2017-05-26 14:06:17,7.55,1.0,7549.0,10.0,S,7.55,7.54,7.53,7.52,7.51,7.56,7.57,7.58,7.59,7.6,298,466,690,317,594,199,413,75,381,224
2017-05-26 14:06:20,7.55,1.0,3020.0,4.0,S,7.55,7.54,7.53,7.52,7.51,7.56,7.57,7.58,7.59,7.6,294,466,690,317,594,199,413,75,381,224
2017-05-26 14:06:38,7.55,2.0,8306.0,11.0,S,7.55,7.54,7.53,7.52,7.51,7.56,7.57,7.58,7.59,7.6,316,466,693,317,594,199,413,75,381,224
2017-05-26 14:07:02,7.55,1.0,4530.0,6.0,S,7.55,7.54,7.53,7.52,7.51,7.56,7.57,7.58,7.59,7.6,310,466,688,317,594,199,413,75,381,224
2017-05-26 14:07:17,7.55,1.0,755.0,1.0,S,7.55,7.54,7.53,7.52,7.51,7.56,7.57,7.58,7.59,7.6,309,466,688,317,594,199,413,75,381,224
2017-05-26 14:07:38,7.55,1.0,4530.0,6.0,S,7.55,7.54,7.53,7.52,7.51,7.56,7.57,7.58,7.59,7.6,306,466,688,317,594,199,413,42,381,224
2017-05-26 14:07:44,7.55,1.0,2265.0,3.0,S,7.55,7.54,7.53,7.52,7.51,7.56,7.57,7.58,7.59,7.6,303,466,688,317,594,199,413,42,381,224
2017-05-26 14:07:53,7.55,2.0,40015.0,53.0,S,7.55,7.54,7.53,7.52,7.51,7.56,7.57,7.58,7.59,7.6,250,466,688,317,594,199,413,42,381,224
2017-05-26 14:08:05,7.55,1.0,3020.0,4.0,S,7.55,7.54,7.53,7.52,7.51,7.56,7.57,7.58,7.59,7.6,246,466,688,317,594,199,413,42,381,224
2017-05-26 14:08:11,7.55,2.0,5285.0,7.0,S,7.55,7.54,7.53,7.52,7.51,7.56,7.57,7.58,7.59,7.6,239,466,688,317,594,199,413,42,381,224
2017-05-26 14:08:14,7.55,3.0,14344.0,19.0,S,7.55,7.54,7.53,7.52,7.51,7.56,7.57,7.58,7.59,7.6,220,466,688,317,594,199,413,42,381,224
2017-05-26 14:08:17,7.55,1.0,755.0,1.0,S,7.55,7.54,7.53,7.52,7.51,7.56,7.57,7.58,7.59,7.6,219,466,688,317,594,199,413,42,381,224
2017-05-26 14:08:20,7.55,1.0,22651.0,30.0,S,7.55,7.54,7.53,7.52,7.51,7.56,7.57,7.58,7.59,7.6,189,466,688,317,594,199,413,42,381,224
2017-05-26 14:08:35,7.55,1.0,26425.0,35.0,S,7.55,7.54,7.53,7.52,7.51,7.56,7.57,7.58,7.59,7.6,154,466,688,317,594,199,413,42,381,224
2017-05-26 14:08:47,7.55,1.0,15100.0,20.0,S,7.55,7.54,7.53,7.52,7.51,7.56,7.57,7.58,7.59,7.6,134,466,688,317,594,199,413,42,381,224
2017-05-26 14:09:02,7.55,2.0,37750.0,50.0,S,7.55,7.54,7.53,7.52,7.51,7.56,7.57,7.58,7.59,7.6,98,466,688,317,594,199,413,42,381,224
2017-05-26 14:09:14,7.55,2.0,10569.0,14.0,S,7.55,7.54,7.53,7.52,7.51,7.56,7.57,7.58,7.59,7.6,84,466,675,317,594,199,413,42,381,224
2017-05-26 14:09:17,7.55,2.0,6796.0,9.0,S,7.55,7.54,7.53,7.52,7.51,7.56,7.57,7.58,7.59,7.6,75,466,675,317,594,199,413,42,381,224
2017-05-26 14:09:26,7.55,1.0,7550.0,10.0,S,7.55,7.54,7.53,7.52,7.51,7.56,7.57,7.58,7.59,7.6,65,466,675,317,594,199,413,42,381,224
2017-05-26 14:09:29,7.55,1.0,3775.0,5.0,S,7.55,7.54,7.53,7.52,7.51,7.56,7.57,7.58,7.59,7.6,60,466,675,317,594,199,413,42,381,224
2017-05-26 14:09:56,7.55,1.0,7550.0,10.0,S,7.55,7.54,7.53,7.52,7.51,7.56,7.57,7.58,7.59,7.6,50,477,675,267,594,199,413,42,381,224
2017-05-26 14:10:11,7.55,1.0,4530.0,6.0,S,7.55,7.54,7.53,7.52,7.51,7.56,7.57,7.58,7.59,7.6,44,477,675,267,594,199,413,42,381,224
2017-05-26 14:10:14,7.55,1.0,7549.0,10.0,S,7.55,7.54,7.53,7.52,7.51,7.56,7.57,7.58,7.59,7.6,34,477,675,267,594,199,413,42,381,224
2017-05-26 14:10:17,7.55,1.0,755.0,1.0,S,7.55,7.54,7.53,7.52,7.51,7.56,7.57,7.58,7.59,7.6,33,477,675,267,594,199,413,42,381,224
2017-05-26 14:10:44,7.55,3.0,19631.0,26.0,S,7.55,7.54,7.53,7.52,7.51,7.56,7.57,7.58,7.59,7.6,7,477,675,267,594,199,413,42,381,224
2017-05-26 14:10:59,7.55,1.0,1510.0,2.0,S,7.55,7.54,7.53,7.52,7.51,7.56,7.57,7.58,7.59,7.6,5,477,675,267,594,199,413,42,381,224
2017-05-26 14:11:17,7.55,1.0,755.0,1.0,S,7.55,7.54,7.53,7.52,7.51,7.56,7.57,7.58,7.59,7.6,4,477,675,267,594,267,413,42,381,224
2017-05-26 14:11:38,7.55,3.0,6795.0,9.0,S,7.54,7.53,7.52,7.51,7.5,7.55,7.56,7.57,7.58,7.59,377,675,267,594,207,16,274,413,42,381
2017-05-26 14:11:41,7.54,1.0,3016.0,4.0,S,7.54,7.53,7.52,7.51,7.5,7.55,7.56,7.57,7.58,7.59,373,675,267,594,207,16,274,413,42,381
2017-05-26 14:11:53,7.54,1.0,3769.0,5.0,S,7.54,7.53,7.52,7.51,7.5,7.55,7.56,7.57,7.58,7.59,357,675,267,594,207,16,274,413,42,381
2017-05-26 14:11:56,7.54,3.0,9048.0,12.0,S,7.54,7.53,7.52,7.51,7.5,7.55,7.56,7.57,7.58,7.59,345,675,267,594,207,26,274,413,42,381
2017-05-26 14:12:08,7.54,2.0,12065.0,16.0,S,7.54,7.53,7.52,7.51,7.5,7.55,7.56,7.57,7.58,7.59,329,675,267,594,207,10,274,413,42,381
2017-05-26 14:12:14,7.54,1.0,3770.0,5.0,S,7.54,7.53,7.52,7.51,7.5,7.55,7.56,7.57,7.58,7.59,324,675,267,594,207,10,274,413,42,381
2017-05-26 14:12:17,7.54,1.0,754.0,1.0,S,7.54,7.53,7.52,7.51,7.5,7.55,7.56,7.57,7.58,7.59,323,675,267,594,207,10,273,413,42,381
2017-05-26 14:12:26,7.55,1.0,6039.0,8.0,B,7.54,7.53,7.52,7.51,7.5,7.55,7.56,7.57,7.58,7.59,323,675,268,594,207,2,273,413,59,381
2017-05-26 14:12:29,7.54,1.0,754.0,1.0,S,7.54,7.53,7.52,7.51,7.5,7.55,7.56,7.57,7.58,7.59,322,675,268,594,207,2,273,413,59,381
2017-05-26 14:12:50,7.54,1.0,755.0,1.0,S,7.54,7.53,7.52,7.51,7.5,7.55,7.56,7.57,7.58,7.59,321,675,268,594,207,2,273,413,59,381
2017-05-26 14:12:53,7.54,2.0,6032.0,8.0,S,7.54,7.53,7.52,7.51,7.5,7.55,7.56,7.57,7.58,7.59,313,675,268,594,207,2,273,413,59,381
2017-05-26 14:12:56,7.54,1.0,3770.0,5.0,S,7.54,7.53,7.52,7.51,7.5,7.55,7.56,7.57,7.58,7.59,308,675,268,594,207,12,273,413,59,381
2017-05-26 14:13:05,7.54,1.0,1508.0,2.0,S,7.54,7.53,7.52,7.51,7.5,7.55,7.56,7.57,7.58,7.59,306,675,268,594,207,12,273,413,59,381
2017-05-26 14:13:41,7.54,1.0,1508.0,2.0,S,7.54,7.53,7.52,7.51,7.5,7.55,7.56,7.57,7.58,7.59,304,675,268,594,207,12,273,413,59,381
2017-05-26 14:13:50,7.54,3.0,75400.0,100.0,S,7.54,7.53,7.52,7.51,7.5,7.55,7.56,7.57,7.58,7.59,275,675,268,594,207,12,273,413,59,381
2017-05-26 14:14:02,7.54,1.0,2262.0,3.0,S,7.54,7.53,7.52,7.51,7.5,7.55,7.56,7.57,7.58,7.59,272,675,268,594,207,12,273,413,59,381
2017-05-26 14:15:17,7.54,6.0,106314.0,141.0,S,7.54,7.53,7.52,7.51,7.5,7.55,7.56,7.57,7.58,7.59,231,675,268,594,207,232,273,413,59,381
2017-05-26 14:15:20,7.54,1.0,754.0,1.0,S,7.54,7.53,7.52,7.51,7.5,7.55,7.56,7.57,7.58,7.59,230,675,268,594,207,232,273,413,59,381
2017-05-26 14:15:41,7.54,1.0,1507.0,2.0,S,7.54,7.53,7.52,7.51,7.5,7.55,7.56,7.57,7.58,7.59,228,675,268,594,207,232,273,413,59,381
2017-05-26 14:15:47,7.54,1.0,1509.0,2.0,S,7.54,7.53,7.52,7.51,7.5,7.55,7.56,7.57,7.58,7.59,226,675,268,594,207,232,204,413,59,381
2017-05-26 14:15:50,7.55,1.0,755.0,1.0,B,7.54,7.53,7.52,7.51,7.5,7.55,7.56,7.57,7.58,7.59,226,675,268,594,207,231,204,413,59,381
2017-05-26 14:16:11,7.54,1.0,1507.0,2.0,S,7.54,7.53,7.52,7.51,7.5,7.55,7.56,7.57,7.58,7.59,234,675,268,594,207,231,204,413,59,381
2017-05-26 14:16:29,7.54,4.0,38455.0,51.0,S,7.54,7.53,7.52,7.51,7.5,7.55,7.56,7.57,7.58,7.59,183,675,268,594,207,231,204,413,59,381
2017-05-26 14:16:32,7.54,2.0,9802.0,13.0,S,7.54,7.53,7.52,7.51,7.5,7.55,7.56,7.57,7.58,7.59,170,675,268,594,207,231,204,413,59,381
2017-05-26 14:17:02,7.55,3.0,15099.0,20.0,B,7.54,7.53,7.52,7.51,7.5,7.55,7.56,7.57,7.58,7.59,170,675,268,594,207,211,204,413,59,381
2017-05-26 14:17:11,7.54,1.0,1509.0,2.0,S,7.54,7.53,7.52,7.51,7.5,7.55,7.56,7.57,7.58,7.59,168,675,268,594,207,200,204,413,59,381
2017-05-26 14:17:47,7.54,1.0,4523.0,6.0,S,7.54,7.53,7.52,7.51,7.5,7.55,7.56,7.57,7.58,7.59,162,675,268,594,307,210,204,413,59,381
2017-05-26 14:17:50,7.55,1.0,75500.0,100.0,B,7.54,7.53,7.52,7.51,7.5,7.55,7.56,7.57,7.58,7.59,162,675,268,594,307,110,204,413,59,381
2017-05-26 14:18:14,7.54,2.0,46749.0,62.0,S,7.53,7.52,7.51,7.5,7.49,7.54,7.55,7.56,7.57,7.58,675,278,594,307,102,357,110,204,413,59
2017-05-26 14:18:17,7.53,1.0,1506.0,2.0,S,7.53,7.52,7.51,7.5,7.49,7.54,7.55,7.56,7.57,7.58,673,278,594,307,102,357,110,204,413,59
2017-05-26 14:18:41,7.53,1.0,1506.0,2.0,S,7.53,7.52,7.51,7.5,7.49,7.54,7.55,7.56,7.57,7.58,671,280,594,307,102,357,110,204,413,59
2017-05-26 14:18:47,7.53,2.0,9036.0,12.0,S,7.53,7.52,7.51,7.5,7.49,7.54,7.55,7.56,7.57,7.58,659,280,594,307,102,357,110,204,413,59
2017-05-26 14:19:02,7.53,1.0,1506.0,2.0,S,7.53,7.52,7.51,7.5,7.49,7.54,7.55,7.56,7.57,7.58,667,280,594,417,102,357,110,204,413,59
2017-05-26 14:19:35,7.53,1.0,1506.0,2.0,S,7.53,7.52,7.51,7.5,7.49,7.54,7.55,7.56,7.57,7.58,690,280,594,417,102,357,110,204,413,59
2017-05-26 14:19:56,7.53,1.0,753.0,1.0,S,7.53,7.52,7.51,7.5,7.49,7.54,7.55,7.56,7.57,7.58,789,280,594,417,102,357,110,204,413,59
2017-05-26 14:20:23,7.53,2.0,19577.0,26.0,S,7.53,7.52,7.51,7.5,7.49,7.54,7.55,7.56,7.57,7.58,763,280,594,422,102,357,110,204,413,59
2017-05-26 14:20:47,7.53,2.0,15814.0,21.0,S,7.53,7.52,7.51,7.5,7.49,7.54,7.55,7.56,7.57,7.58,742,280,594,422,102,357,110,204,413,59
2017-05-26 14:21:29,7.54,1.0,1508.0,2.0,B,7.53,7.52,7.51,7.5,7.49,7.54,7.55,7.56,7.57,7.58,792,280,594,422,102,355,110,204,413,61
2017-05-26 14:21:44,7.53,1.0,4518.0,6.0,S,7.53,7.52,7.51,7.5,7.49,7.54,7.55,7.56,7.57,7.58,786,280,594,422,102,355,110,204,413,61
2017-05-26 14:21:50,7.53,2.0,13554.0,18.0,S,7.53,7.52,7.51,7.5,7.49,7.54,7.55,7.56,7.57,7.58,768,280,594,422,102,355,110,204,413,61
2017-05-26 14:22:35,7.53,2.0,15060.0,20.0,S,7.53,7.52,7.51,7.5,7.49,7.54,7.55,7.56,7.57,7.58,748,280,604,472,102,384,110,204,413,61
2017-05-26 14:22:41,7.54,1.0,3016.0,4.0,B,7.53,7.52,7.51,7.5,7.49,7.54,7.55,7.56,7.57,7.58,748,280,604,472,102,380,110,204,413,61
2017-05-26 14:23:17,7.53,1.0,16566.0,22.0,S,7.53,7.52,7.51,7.5,7.49,7.54,7.55,7.56,7.57,7.58,726,280,604,422,102,380,110,204,413,61
2017-05-26 14:23:38,7.54,1.0,5278.0,7.0,B,7.53,7.52,7.51,7.5,7.49,7.54,7.55,7.56,7.57,7.58,726,280,604,422,102,373,110,204,413,61
2017-05-26 14:23:47,7.53,1.0,753.0,1.0,S,7.53,7.52,7.51,7.5,7.49,7.54,7.55,7.56,7.57,7.58,725,280,604,422,102,373,110,204,413,61
2017-05-26 14:23:53,7.54,1.0,37700.0,50.0,B,7.53,7.52,7.51,7.5,7.49,7.54,7.55,7.56,7.57,7.58,725,280,604,422,102,323,110,204,413,61
2017-05-26 14:24:08,7.53,1.0,1506.0,2.0,S,7.53,7.52,7.51,7.5,7.49,7.54,7.55,7.56,7.57,7.58,723,280,604,422,102,323,110,204,413,61
2017-05-26 14:24:47,7.53,1.0,2258.0,3.0,S,7.53,7.52,7.51,7.5,7.49,7.54,7.55,7.56,7.57,7.58,720,280,604,422,102,323,110,204,413,61
2017-05-26 14:25:02,7.54,1.0,11310.0,15.0,B,7.53,7.52,7.51,7.5,7.49,7.54,7.55,7.56,7.57,7.58,720,280,604,421,102,308,110,214,413,61
2017-05-26 14:25:08,7.54,2.0,13570.0,18.0,B,7.53,7.52,7.51,7.5,7.49,7.54,7.55,7.56,7.57,7.58,718,279,604,421,102,292,110,214,413,61
2017-05-26 14:25:14,7.53,1.0,3766.0,5.0,S,7.53,7.52,7.51,7.5,7.49,7.54,7.55,7.56,7.57,7.58,713,279,604,421,102,292,110,214,413,61
2017-05-26 14:26:08,7.53,1.0,1506.0,2.0,B,7.53,7.52,7.51,7.5,7.49,7.54,7.55,7.56,7.57,7.58,711,277,604,421,102,292,110,214,418,61
2017-05-26 14:26:32,7.54,1.0,1507.0,2.0,B,7.53,7.52,7.51,7.5,7.49,7.54,7.55,7.56,7.57,7.58,713,277,604,421,102,290,110,214,418,61
2017-05-26 14:26:47,7.53,1.0,7531.0,10.0,S,7.53,7.52,7.51,7.5,7.49,7.54,7.55,7.56,7.57,7.58,728,277,596,421,102,290,110,214,418,61
2017-05-26 14:26:53,7.53,1.0,1506.0,2.0,S,7.53,7.52,7.51,7.5,7.49,7.54,7.55,7.56,7.57,7.58,726,277,596,421,102,290,110,214,418,61
2017-05-26 14:27:11,7.53,1.0,753.0,1.0,S,7.53,7.52,7.51,7.5,7.49,7.54,7.55,7.56,7.57,7.58,725,277,596,421,102,290,110,214,418,61
2017-05-26 14:27:35,7.53,1.0,1506.0,2.0,S,7.53,7.52,7.51,7.5,7.49,7.54,7.55,7.56,7.57,7.58,723,277,596,421,102,291,110,214,418,161
2017-05-26 14:27:44,7.54,1.0,754.0,1.0,B,7.53,7.52,7.51,7.5,7.49,7.54,7.55,7.56,7.57,7.58,723,277,596,421,102,290,110,214,418,185
2017-05-26 14:27:47,7.53,1.0,752.0,1.0,S,7.53,7.52,7.51,7.5,7.49,7.54,7.55,7.56,7.57,7.58,722,277,596,421,102,290,110,214,418,185
2017-05-26 14:28:08,7.53,1.0,754.0,1.0,S,7.53,7.52,7.51,7.5,7.49,7.54,7.55,7.56,7.57,7.58,721,285,596,421,102,290,110,214,418,185
2017-05-26 14:28:38,7.54,1.0,7539.0,10.0,B,7.53,7.52,7.51,7.5,7.49,7.54,7.55,7.56,7.57,7.58,792,285,596,421,102,280,110,214,418,185
2017-05-26 14:28:41,7.53,1.0,1506.0,2.0,S,7.53,7.52,7.51,7.5,7.49,7.54,7.55,7.56,7.57,7.58,790,285,596,421,102,280,110,214,418,185
2017-05-26 14:28:59,7.53,1.0,1506.0,2.0,S,7.53,7.52,7.51,7.5,7.49,7.54,7.55,7.56,7.57,7.58,788,285,596,421,112,280,110,214,418,185
2017-05-26 14:29:17,7.53,1.0,1506.0,2.0,S,7.53,7.52,7.51,7.5,7.49,7.54,7.55,7.56,7.57,7.58,786,285,596,421,112,280,110,214,418,185
2017-05-26 14:29:20,7.53,1.0,1506.0,2.0,S,7.53,7.52,7.51,7.5,7.49,7.54,7.55,7.56,7.57,7.58,784,285,596,421,112,280,110,214,418,185
2017-05-26 14:29:23,7.54,1.0,3016.0,4.0,B,7.53,7.52,7.51,7.5,7.49,7.54,7.55,7.56,7.57,7.58,814,285,596,421,112,276,110,214,418,185
2017-05-26 14:29:26,7.54,2.0,3771.0,5.0,B,7.53,7.52,7.51,7.5,7.49,7.54,7.55,7.56,7.57,7.58,814,285,596,421,112,271,110,214,418,185
2017-05-26 14:29:38,7.54,1.0,7539.0,10.0,B,7.53,7.52,7.51,7.5,7.49,7.54,7.55,7.56,7.57,7.58,814,285,596,421,112,261,110,214,418,185
2017-05-26 14:29:47,7.53,1.0,754.0,1.0,S,7.53,7.52,7.51,7.5,7.49,7.54,7.55,7.56,7.57,7.58,813,285,596,421,112,261,110,214,418,185
2017-05-26 14:30:05,7.54,1.0,9048.0,12.0,B,7.53,7.52,7.51,7.5,7.49,7.54,7.55,7.56,7.57,7.58,813,285,596,421,112,249,110,214,418,185
2017-05-26 14:30:14,7.53,3.0,36144.0,48.0,S,7.53,7.52,7.51,7.5,7.49,7.54,7.55,7.56,7.57,7.58,770,285,596,421,112,249,110,214,418,185
2017-05-26 14:30:17,7.54,1.0,6032.0,8.0,B,7.53,7.52,7.51,7.5,7.49,7.54,7.55,7.56,7.57,7.58,770,285,596,421,112,242,110,214,418,185
2017-05-26 14:30:29,7.53,1.0,3765.0,5.0,S,7.53,7.52,7.51,7.5,7.49,7.54,7.55,7.56,7.57,7.58,765,285,596,421,82,242,110,214,418,185
2017-05-26 14:30:35,7.54,1.0,11310.0,15.0,B,7.53,7.52,7.51,7.5,7.49,7.54,7.55,7.56,7.57,7.58,765,285,596,421,82,227,110,214,418,185
2017-05-26 14:30:38,7.53,1.0,1506.0,2.0,S,7.53,7.52,7.51,7.5,7.49,7.54,7.55,7.56,7.57,7.58,763,285,596,421,82,303,110,214,418,185
2017-05-26 14:30:47,7.53,1.0,752.0,1.0,S,7.53,7.52,7.51,7.5,7.49,7.54,7.55,7.56,7.57,7.58,762,285,596,421,82,333,110,214,418,185
2017-05-26 14:30:56,7.53,1.0,754.0,1.0,S,7.53,7.52,7.51,7.5,7.49,7.54,7.55,7.56,7.57,7.58,761,285,586,421,82,333,110,214,418,185
2017-05-26 14:31:20,7.54,6.0,251081.0,333.0,B,7.54,7.53,7.52,7.51,7.5,7.55,7.56,7.57,7.58,7.59,52,772,285,586,421,110,214,418,185,182
2017-05-26 14:31:38,7.54,1.0,1509.0,2.0,S,7.54,7.53,7.52,7.51,7.5,7.55,7.56,7.57,7.58,7.59,110,785,285,586,421,110,214,418,185,182
2017-05-26 14:31:44,7.54,1.0,6032.0,8.0,S,7.54,7.53,7.52,7.51,7.5,7.55,7.56,7.57,7.58,7.59,102,785,285,586,421,110,214,418,185,182
2017-05-26 14:31:56,7.54,1.0,1507.0,2.0,S,7.54,7.53,7.52,7.51,7.5,7.55,7.56,7.57,7.58,7.59,100,785,285,586,421,112,214,418,185,182
2017-05-26 14:31:59,7.54,1.0,1509.0,2.0,S,7.54,7.53,7.52,7.51,7.5,7.55,7.56,7.57,7.58,7.59,98,785,285,586,421,112,214,418,185,182
2017-05-26 14:32:17,7.54,1.0,754.0,1.0,S,7.54,7.53,7.52,7.51,7.5,7.55,7.56,7.57,7.58,7.59,97,785,285,586,421,113,214,418,185,182
2017-05-26 14:33:50,7.54,2.0,30159.0,40.0,S,7.54,7.53,7.52,7.51,7.5,7.55,7.56,7.57,7.58,7.59,108,755,285,586,421,118,214,418,185,182
2017-05-26 14:34:08,7.54,2.0,25637.0,34.0,S,7.54,7.53,7.52,7.51,7.5,7.55,7.56,7.57,7.58,7.59,74,746,285,586,421,118,214,418,185,182
2017-05-26 14:34:17,7.54,1.0,1508.0,2.0,S,7.54,7.53,7.52,7.51,7.5,7.55,7.56,7.57,7.58,7.59,95,746,285,586,421,118,204,418,185,182
2017-05-26 14:34:32,7.54,1.0,3016.0,4.0,S,7.54,7.53,7.52,7.51,7.5,7.55,7.56,7.57,7.58,7.59,91,746,285,586,421,118,204,418,185,182
2017-05-26 14:34:38,7.55,1.0,7550.0,10.0,B,7.54,7.53,7.52,7.51,7.5,7.55,7.56,7.57,7.58,7.59,158,746,285,586,421,108,204,418,185,182
2017-05-26 14:34:41,7.54,1.0,3770.0,5.0,S,7.54,7.53,7.52,7.51,7.5,7.55,7.56,7.57,7.58,7.59,153,746,275,586,421,108,204,418,185,182
2017-05-26 14:34:53,7.54,2.0,6032.0,8.0,S,7.54,7.53,7.52,7.51,7.5,7.55,7.56,7.57,7.58,7.59,145,746,275,586,421,138,204,418,185,182
2017-05-26 14:35:02,7.54,3.0,13572.0,18.0,S,7.54,7.53,7.52,7.51,7.5,7.55,7.56,7.57,7.58,7.59,127,746,275,586,421,138,204,418,185,182
2017-05-26 14:35:05,7.54,2.0,6032.0,8.0,S,7.54,7.53,7.52,7.51,7.5,7.55,7.56,7.57,7.58,7.59,119,746,275,586,421,138,204,418,185,182
2017-05-26 14:35:23,7.54,2.0,15080.0,20.0,S,7.54,7.53,7.52,7.51,7.5,7.55,7.56,7.57,7.58,7.59,99,746,275,586,421,138,194,418,185,182
2017-05-26 14:35:59,7.54,1.0,754.0,1.0,S,7.54,7.53,7.52,7.51,7.5,7.55,7.56,7.57,7.58,7.59,98,731,275,586,421,138,194,418,185,182
2017-05-26 14:36:17,7.54,1.0,1508.0,2.0,S,7.54,7.53,7.52,7.51,7.5,7.55,7.56,7.57,7.58,7.59,96,731,275,586,421,137,194,418,161,182
2017-05-26 14:36:23,7.54,1.0,3770.0,5.0,S,7.54,7.53,7.52,7.51,7.5,7.55,7.56,7.57,7.58,7.59,91,731,275,586,421,137,194,418,161,182
2017-05-26 14:36:47,7.55,3.0,75500.0,100.0,B,7.54,7.53,7.52,7.51,7.5,7.55,7.56,7.57,7.58,7.59,91,731,275,586,421,37,194,442,161,182
2017-05-26 14:37:17,7.55,3.0,18874.0,25.0,B,7.54,7.53,7.52,7.51,7.5,7.55,7.56,7.57,7.58,7.59,91,681,275,586,421,12,208,442,161,182
2017-05-26 14:37:23,7.54,2.0,3771.0,5.0,S,7.54,7.53,7.52,7.51,7.5,7.55,7.56,7.57,7.58,7.59,86,681,275,586,421,12,208,442,161,182
2017-05-26 14:37:29,7.54,3.0,30914.0,41.0,S,7.54,7.53,7.52,7.51,7.5,7.55,7.56,7.57,7.58,7.59,45,681,275,586,421,12,208,442,161,182
2017-05-26 14:37:47,7.55,2.0,16610.0,22.0,B,7.55,7.54,7.53,7.52,7.51,7.56,7.57,7.58,7.59,7.6,28,90,681,275,586,208,442,161,182,251
2017-05-26 14:37:56,7.55,2.0,11325.0,15.0,S,7.55,7.54,7.53,7.52,7.51,7.56,7.57,7.58,7.59,7.6,13,90,681,275,586,208,442,161,182,251
2017-05-26 14:38:08,7.55,1.0,9815.0,13.0,S,7.54,7.53,7.52,7.51,7.5,7.55,7.56,7.57,7.58,7.59,90,681,275,586,421,7,208,442,161,182
2017-05-26 14:38:17,7.54,1.0,6032.0,8.0,S,7.54,7.53,7.52,7.51,7.5,7.55,7.56,7.57,7.58,7.59,82,681,275,586,421,8,208,442,161,182
2017-05-26 14:38:26,7.54,1.0,1508.0,2.0,S,7.54,7.53,7.52,7.51,7.5,7.55,7.56,7.57,7.58,7.59,80,682,275,586,421,8,208,442,161,182
2017-05-26 14:38:56,7.54,1.0,754.0,1.0,S,7.54,7.53,7.52,7.51,7.5,7.55,7.56,7.57,7.58,7.59,79,682,275,586,421,96,208,442,161,182
2017-05-26 14:39:02,7.54,2.0,37700.0,50.0,S,7.54,7.53,7.52,7.51,7.5,7.55,7.56,7.57,7.58,7.59,29,694,260,586,421,106,208,442,161,182
2017-05-26 14:39:26,7.54,1.0,15080.0,20.0,S,7.54,7.53,7.52,7.51,7.5,7.55,7.56,7.57,7.58,7.59,21,694,260,586,421,195,208,442,161,182
2017-05-26 14:39:32,7.54,1.0,754.0,1.0,S,7.54,7.53,7.52,7.51,7.5,7.55,7.56,7.57,7.58,7.59,20,694,260,586,421,345,208,442,161,182
2017-05-26 14:39:38,7.54,2.0,7540.0,10.0,S,7.54,7.53,7.52,7.51,7.5,7.55,7.56,7.57,7.58,7.59,10,669,260,586,421,345,208,442,161,182
2017-05-26 14:39:44,7.54,1.0,4523.0,6.0,S,7.54,7.53,7.52,7.51,7.5,7.55,7.56,7.57,7.58,7.59,4,669,260,586,421,345,208,442,161,182
2017-05-26 14:39:47,7.54,1.0,1509.0,2.0,S,7.54,7.53,7.52,7.51,7.5,7.55,7.56,7.57,7.58,7.59,2,669,260,586,421,345,208,442,161,182
2017-05-26 14:40:23,7.54,1.0,1507.0,2.0,S,7.54,7.53,7.52,7.51,7.5,7.55,7.56,7.57,7.58,7.59,100,562,260,586,421,345,208,442,164,182
2017-05-26 14:40:26,7.54,1.0,1509.0,2.0,S,7.54,7.53,7.52,7.51,7.5,7.55,7.56,7.57,7.58,7.59,98,562,260,586,421,345,208,442,164,182
2017-05-26 14:40:32,7.54,1.0,6786.0,9.0,S,7.54,7.53,7.52,7.51,7.5,7.55,7.56,7.57,7.58,7.59,89,562,260,586,421,345,208,442,164,182
2017-05-26 14:40:38,7.55,1.0,755.0,1.0,B,7.54,7.53,7.52,7.51,7.5,7.55,7.56,7.57,7.58,7.59,89,562,260,586,421,344,208,442,164,182
2017-05-26 14:40:44,7.54,1.0,2262.0,3.0,S,7.54,7.53,7.52,7.51,7.5,7.55,7.56,7.57,7.58,7.59,86,562,260,586,421,344,208,442,164,182
2017-05-26 14:41:05,7.54,1.0,754.0,1.0,S,7.54,7.53,7.52,7.51,7.5,7.55,7.56,7.57,7.58,7.59,88,562,260,586,421,344,208,442,164,182
2017-05-26 14:41:11,7.54,2.0,66352.0,88.0,S,7.53,7.52,7.51,7.5,7.49,7.54,7.55,7.56,7.57,7.58,661,260,586,421,82,12,344,208,442,164
2017-05-26 14:41:17,7.53,1.0,753.0,1.0,S,7.53,7.52,7.51,7.5,7.49,7.54,7.55,7.56,7.57,7.58,660,260,586,421,82,12,344,208,442,164
2017-05-26 14:41:26,7.53,1.0,1506.0,2.0,S,7.53,7.52,7.51,7.5,7.49,7.54,7.55,7.56,7.57,7.58,658,260,586,421,82,12,344,203,442,164
2017-05-26 14:41:47,7.53,3.0,38402.0,51.0,S,7.53,7.52,7.51,7.5,7.49,7.54,7.55,7.56,7.57,7.58,607,260,586,421,82,12,344,203,442,164
2017-05-26 14:41:50,7.53,2.0,1506.0,2.0,S,7.53,7.52,7.51,7.5,7.49,7.54,7.55,7.56,7.57,7.58,605,260,586,421,82,12,349,203,442,164
2017-05-26 14:41:56,7.53,1.0,754.0,1.0,S,7.53,7.52,7.51,7.5,7.49,7.54,7.55,7.56,7.57,7.58,604,260,586,421,82,67,349,203,442,164
2017-05-26 14:42:11,7.53,1.0,752.0,1.0,S,7.53,7.52,7.51,7.5,7.49,7.54,7.55,7.56,7.57,7.58,603,254,586,421,82,67,349,203,442,164
2017-05-26 14:42:20,7.53,1.0,754.0,1.0,S,7.53,7.52,7.51,7.5,7.49,7.54,7.55,7.56,7.57,7.58,602,254,586,421,82,67,348,203,442,164
2017-05-26 14:42:29,7.53,1.0,1506.0,2.0,S,7.53,7.52,7.51,7.5,7.49,7.54,7.55,7.56,7.57,7.58,600,254,586,421,82,75,348,203,442,164
2017-05-26 14:42:41,7.53,1.0,1506.0,2.0,S,7.53,7.52,7.51,7.5,7.49,7.54,7.55,7.56,7.57,7.58,604,254,586,421,82,75,348,203,442,164
2017-05-26 14:42:47,7.53,1.0,1506.0,2.0,S,7.53,7.52,7.51,7.5,7.49,7.54,7.55,7.56,7.57,7.58,602,254,586,421,82,75,348,203,442,164
2017-05-26 14:43:08,7.53,2.0,1506.0,2.0,S,7.53,7.52,7.51,7.5,7.49,7.54,7.55,7.56,7.57,7.58,600,267,586,421,82,75,348,203,442,164
2017-05-26 14:43:26,7.53,1.0,1506.0,2.0,S,7.53,7.52,7.51,7.5,7.49,7.54,7.55,7.56,7.57,7.58,608,267,586,421,82,109,348,203,442,164
2017-05-26 14:43:32,7.54,3.0,30160.0,40.0,B,7.53,7.52,7.51,7.5,7.49,7.54,7.55,7.56,7.57,7.58,608,267,586,421,82,69,348,203,442,164
2017-05-26 14:43:56,7.53,1.0,1506.0,2.0,S,7.53,7.52,7.51,7.5,7.49,7.54,7.55,7.56,7.57,7.58,607,267,586,421,82,69,249,203,442,164
2017-05-26 14:43:59,7.54,1.0,753.0,1.0,B,7.53,7.52,7.51,7.5,7.49,7.54,7.55,7.56,7.57,7.58,607,267,586,421,82,68,249,203,442,164
2017-05-26 14:44:05,7.54,2.0,1509.0,2.0,B,7.53,7.52,7.51,7.5,7.49,7.54,7.55,7.56,7.57,7.58,601,267,586,421,82,66,249,203,442,164
2017-05-26 14:44:08,7.54,4.0,39208.0,52.0,B,7.53,7.52,7.51,7.5,7.49,7.54,7.55,7.56,7.57,7.58,601,267,586,421,82,14,249,203,442,164
2017-05-26 14:44:14,7.54,1.0,753.0,1.0,B,7.53,7.52,7.51,7.5,7.49,7.54,7.55,7.56,7.57,7.58,601,267,586,421,82,13,249,203,442,164
2017-05-26 14:44:17,7.54,1.0,5279.0,7.0,B,7.53,7.52,7.51,7.5,7.49,7.54,7.55,7.56,7.57,7.58,601,267,586,421,82,6,249,203,442,164
2017-05-26 14:44:20,7.53,3.0,42173.0,56.0,S,7.53,7.52,7.51,7.5,7.49,7.55,7.56,7.57,7.58,7.59,551,267,586,421,82,249,203,442,164,182
2017-05-26 14:44:32,7.54,1.0,1509.0,2.0,S,7.54,7.53,7.52,7.51,7.5,7.55,7.56,7.57,7.58,7.59,9,551,267,586,421,249,203,442,164,182
2017-05-26 14:44:35,7.55,1.0,3020.0,4.0,B,7.54,7.53,7.52,7.51,7.5,7.55,7.56,7.57,7.58,7.59,9,551,267,586,421,245,203,442,164,182
2017-05-26 14:44:41,7.54,1.0,1507.0,2.0,S,7.53,7.52,7.51,7.5,7.49,7.55,7.56,7.57,7.58,7.59,551,267,586,421,82,245,203,442,164,182
2017-05-26 14:44:47,7.54,1.0,755.0,1.0,S,7.54,7.53,7.52,7.51,7.5,7.55,7.56,7.57,7.58,7.59,6,551,267,586,421,245,203,442,164,182
2017-05-26 14:44:50,7.54,2.0,2261.0,3.0,S,7.54,7.53,7.52,7.51,7.5,7.55,7.56,7.57,7.58,7.59,3,556,267,586,421,245,203,442,164,182
2017-05-26 14:45:14,7.55,1.0,1511.0,2.0,B,7.54,7.53,7.52,7.51,7.5,7.55,7.56,7.57,7.58,7.59,3,485,267,586,421,251,253,442,164,182
2017-05-26 14:45:35,7.55,1.0,53605.0,71.0,B,7.54,7.53,7.52,7.51,7.5,7.55,7.56,7.57,7.58,7.59,3,485,254,586,421,180,253,442,164,395
2017-05-26 14:45:47,7.54,1.0,754.0,1.0,S,7.54,7.53,7.52,7.51,7.5,7.55,7.56,7.57,7.58,7.59,2,485,254,586,421,187,253,442,164,395
2017-05-26 14:45:53,7.54,1.0,1508.0,2.0,S,7.54,7.53,7.52,7.51,7.5,7.55,7.56,7.57,7.58,7.59,10,485,254,586,421,187,253,442,164,395
2017-05-26 14:46:32,7.54,1.0,5277.0,7.0,S,7.54,7.53,7.52,7.51,7.5,7.55,7.56,7.57,7.58,7.59,16,485,254,604,421,220,253,442,164,395
2017-05-26 14:47:17,7.54,1.0,1509.0,2.0,S,7.54,7.53,7.52,7.51,7.5,7.55,7.56,7.57,7.58,7.59,54,485,254,604,421,220,253,442,164,395
2017-05-26 14:47:50,7.54,2.0,2262.0,3.0,S,7.54,7.53,7.52,7.51,7.5,7.55,7.56,7.57,7.58,7.59,61,480,254,604,421,220,253,442,164,395
2017-05-26 14:47:59,7.54,3.0,45993.0,61.0,S,7.53,7.52,7.51,7.5,7.49,7.54,7.55,7.56,7.57,7.58,480,254,604,421,82,139,220,253,442,164
2017-05-26 14:48:02,7.54,1.0,7541.0,10.0,B,7.53,7.52,7.51,7.5,7.49,7.54,7.55,7.56,7.57,7.58,480,254,604,421,82,129,220,253,442,164
2017-05-26 14:48:14,7.54,1.0,3016.0,4.0,B,7.53,7.52,7.51,7.5,7.49,7.54,7.55,7.56,7.57,7.58,480,254,604,421,82,125,220,253,442,164
2017-05-26 14:48:38,7.54,2.0,98019.0,130.0,B,7.54,7.53,7.52,7.51,7.5,7.55,7.56,7.57,7.58,7.59,38,480,254,604,421,248,253,442,164,395
2017-05-26 14:48:41,7.55,1.0,3020.0,4.0,B,7.54,7.53,7.52,7.51,7.5,7.55,7.56,7.57,7.58,7.59,38,480,254,604,421,244,253,442,164,395
2017-05-26 14:48:59,7.54,1.0,11311.0,15.0,S,7.54,7.53,7.52,7.51,7.5,7.55,7.56,7.57,7.58,7.59,23,480,254,604,421,347,253,442,164,395
2017-05-26 14:49:20,7.54,2.0,2262.0,3.0,S,7.54,7.53,7.52,7.51,7.5,7.55,7.56,7.57,7.58,7.59,20,480,254,604,431,347,253,442,164,395
2017-05-26 14:49:41,7.54,1.0,1507.0,2.0,S,7.54,7.53,7.52,7.51,7.5,7.55,7.56,7.57,7.58,7.59,18,504,254,404,431,197,253,442,164,395
2017-05-26 14:49:56,7.55,1.0,1511.0,2.0,B,7.54,7.53,7.52,7.51,7.5,7.55,7.56,7.57,7.58,7.59,18,504,254,404,431,195,253,442,158,395
2017-05-26 14:50:02,7.55,3.0,5285.0,7.0,B,7.54,7.53,7.52,7.51,7.5,7.55,7.56,7.57,7.58,7.59,28,504,254,336,431,188,253,442,158,395
2017-05-26 14:50:05,7.55,4.0,9812.0,13.0,B,7.54,7.53,7.52,7.51,7.5,7.55,7.56,7.57,7.58,7.59,25,504,254,336,431,178,253,442,158,395
2017-05-26 14:50:14,7.54,4.0,37699.0,50.0,S,7.54,7.53,7.52,7.51,7.5,7.55,7.56,7.57,7.58,7.59,17,504,254,336,431,220,253,442,158,395
2017-05-26 14:50:17,7.53,10.0,225917.0,300.0,S,7.53,7.52,7.51,7.5,7.49,7.55,7.56,7.57,7.58,7.59,221,254,336,431,82,221,253,442,158,395
2017-05-26 14:50:44,7.54,1.0,1509.0,2.0,S,7.54,7.53,7.52,7.51,7.5,7.55,7.56,7.57,7.58,7.59,160,221,254,336,431,351,253,442,158,395
2017-05-26 14:50:50,7.53,11.0,254674.0,338.0,S,7.53,7.52,7.51,7.5,7.49,7.55,7.56,7.57,7.58,7.59,43,254,336,431,82,360,253,442,158,395
2017-05-26 14:51:11,7.54,1.0,7539.0,10.0,S,7.53,7.52,7.51,7.5,7.49,7.55,7.56,7.57,7.58,7.59,51,304,336,431,82,375,253,442,158,395
2017-05-26 14:51:47,7.53,1.0,754.0,1.0,S,7.53,7.52,7.51,7.5,7.49,7.54,7.55,7.56,7.57,7.58,70,304,336,431,82,44,378,253,442,158
2017-05-26 14:51:59,7.54,1.0,6032.0,8.0,B,7.53,7.52,7.51,7.5,7.49,7.54,7.55,7.56,7.57,7.58,80,304,336,401,82,36,386,253,442,158
2017-05-26 14:52:02,7.53,1.0,3764.0,5.0,S,7.53,7.52,7.51,7.5,7.49,7.54,7.55,7.56,7.57,7.58,75,304,336,401,82,36,386,253,442,158
2017-05-26 14:52:05,7.53,2.0,9036.0,12.0,S,7.53,7.52,7.51,7.5,7.49,7.54,7.55,7.56,7.57,7.58,63,304,336,401,82,36,386,253,442,158
2017-05-26 14:52:08,7.53,5.0,26356.0,35.0,S,7.53,7.52,7.51,7.5,7.49,7.54,7.55,7.56,7.57,7.58,33,304,336,401,82,36,386,253,442,158
2017-05-26 14:52:17,7.52,11.0,239921.0,319.0,S,7.52,7.51,7.5,7.49,7.48,7.54,7.55,7.56,7.57,7.58,18,336,401,82,47,36,386,253,742,158
2017-05-26 14:52:38,7.52,1.0,1503.0,2.0,S,7.52,7.51,7.5,7.49,7.48,7.54,7.55,7.56,7.57,7.58,16,404,401,82,47,81,386,253,742,158
2017-05-26 14:52:44,7.53,1.0,6778.0,9.0,S,7.53,7.52,7.51,7.5,7.49,7.54,7.55,7.56,7.57,7.58,1,16,404,401,82,81,386,253,742,158
2017-05-26 14:52:47,7.53,1.0,753.0,1.0,S,7.52,7.51,7.5,7.49,7.48,7.54,7.55,7.56,7.57,7.58,16,404,401,82,47,81,386,253,742,158
2017-05-26 14:52:50,7.52,1.0,752.0,1.0,S,7.52,7.51,7.5,7.49,7.48,7.54,7.55,7.56,7.57,7.58,15,404,401,82,47,82,386,253,742,158
2017-05-26 14:52:56,7.52,1.0,3760.0,5.0,S,7.52,7.51,7.5,7.49,7.48,7.53,7.54,7.55,7.56,7.57,10,404,401,82,47,4,82,386,253,742
2017-05-26 14:52:59,7.52,1.0,3760.0,5.0,S,7.52,7.51,7.5,7.49,7.48,7.53,7.54,7.55,7.56,7.57,5,404,401,82,47,4,82,386,253,742
2017-05-26 14:53:23,7.5,35.0,686161.0,914.0,S,7.49,7.48,7.47,7.46,7.45,7.5,7.53,7.54,7.55,7.56,82,47,180,116,749,86,9,104,371,253
2017-05-26 14:53:26,7.5,1.0,9001.0,12.0,B,7.49,7.48,7.47,7.46,7.45,7.5,7.53,7.54,7.55,7.56,82,47,180,116,749,74,9,104,371,253
2017-05-26 14:53:38,7.5,1.0,30000.0,40.0,B,7.49,7.48,7.47,7.46,7.45,7.5,7.53,7.54,7.55,7.56,82,47,180,116,749,34,11,104,371,253
2017-05-26 14:53:44,7.5,1.0,18000.0,24.0,B,7.49,7.48,7.47,7.46,7.45,7.5,7.53,7.54,7.55,7.56,82,47,180,116,749,10,11,104,371,253
2017-05-26 14:53:50,7.5,3.0,7499.0,10.0,B,7.49,7.48,7.47,7.46,7.45,7.5,7.53,7.54,7.55,7.56,82,47,180,116,749,4,11,104,371,253
2017-05-26 14:53:56,7.5,2.0,3000.0,4.0,B,7.49,7.48,7.47,7.46,7.45,7.52,7.53,7.54,7.55,7.56,82,47,180,116,749,7,11,104,371,253
2017-05-26 14:54:29,7.5,1.0,3750.0,5.0,S,7.5,7.49,7.48,7.47,7.46,7.53,7.54,7.55,7.56,7.57,133,82,51,630,116,26,154,371,253,742
2017-05-26 14:54:35,7.53,1.0,754.0,1.0,B,7.5,7.49,7.48,7.47,7.46,7.53,7.54,7.55,7.56,7.57,133,82,71,180,116,25,112,371,253,742
2017-05-26 14:54:53,7.5,4.0,10514.0,14.0,S,7.5,7.49,7.48,7.47,7.46,7.53,7.54,7.55,7.56,7.57,134,81,83,175,116,21,90,371,253,742
2017-05-26 14:55:17,7.5,5.0,23256.0,31.0,S,7.5,7.49,7.48,7.47,7.46,7.52,7.53,7.54,7.55,7.56,109,81,88,175,116,42,21,111,371,253
2017-05-26 14:55:20,7.52,3.0,45020.0,60.0,B,7.5,7.49,7.48,7.47,7.46,7.52,7.53,7.54,7.55,7.56,59,81,88,175,116,32,21,111,371,253
2017-05-26 14:55:23,7.5,1.0,25500.0,34.0,S,7.5,7.49,7.48,7.47,7.46,7.52,7.53,7.54,7.55,7.56,25,81,88,175,116,32,21,111,371,253
2017-05-26 14:55:29,7.5,1.0,6000.0,8.0,S,7.5,7.49,7.48,7.47,7.46,7.52,7.53,7.54,7.55,7.56,17,81,88,175,116,32,21,111,271,253
2017-05-26 14:55:32,7.49,4.0,50949.0,68.0,S,7.49,7.48,7.47,7.46,7.45,7.52,7.53,7.54,7.55,7.56,30,88,175,116,749,32,21,111,271,253
2017-05-26 14:55:41,7.48,5.0,23218.0,31.0,S,7.48,7.47,7.46,7.45,7.44,7.52,7.53,7.54,7.55,7.56,87,175,116,749,7,32,88,111,271,253
2017-05-26 14:55:50,7.49,2.0,26215.0,35.0,S,7.49,7.48,7.47,7.46,7.45,7.52,7.53,7.54,7.55,7.56,165,87,178,116,749,32,73,135,271,253
2017-05-26 14:55:56,7.49,1.0,25466.0,34.0,S,7.49,7.48,7.47,7.46,7.45,7.52,7.53,7.54,7.55,7.56,131,107,181,116,749,42,73,135,271,253
2017-05-26 14:55:59,7.49,1.0,7490.0,10.0,S,7.49,7.48,7.47,7.46,7.45,7.52,7.53,7.54,7.55,7.56,121,107,181,116,1669,42,73,135,271,253
2017-05-26 14:56:02,7.49,1.0,1498.0,2.0,S,7.49,7.48,7.47,7.46,7.45,7.52,7.53,7.54,7.55,7.56,119,107,181,116,1669,42,73,135,271,253
2017-05-26 14:56:11,7.49,1.0,25466.0,34.0,S,7.49,7.48,7.47,7.46,7.45,7.51,7.52,7.53,7.54,7.55,85,118,181,116,1669,15,42,73,165,271
2017-05-26 14:56:17,7.49,1.0,23219.0,31.0,S,7.49,7.48,7.47,7.46,7.45,7.51,7.52,7.53,7.54,7.55,54,123,181,116,1219,15,42,83,153,271
2017-05-26 14:56:20,7.49,1.0,1498.0,2.0,S,7.49,7.48,7.47,7.46,7.45,7.51,7.52,7.53,7.54,7.55,52,123,181,116,1219,15,42,83,153,268
2017-05-26 14:56:23,7.49,1.0,25466.0,34.0,S,7.49,7.48,7.47,7.46,7.45,7.51,7.52,7.53,7.54,7.55,68,123,181,120,1219,15,42,83,153,268
2017-05-26 14:56:26,7.49,1.0,8989.0,12.0,S,7.49,7.48,7.47,7.46,7.45,7.51,7.52,7.53,7.54,7.55,56,123,181,122,1219,15,42,83,153,268
2017-05-26 14:56:29,7.49,2.0,25466.0,34.0,S,7.49,7.48,7.47,7.46,7.45,7.51,7.52,7.53,7.54,7.55,22,123,181,122,1219,15,42,133,153,268
2017-05-26 14:56:38,7.48,2.0,23208.0,31.0,S,7.48,7.47,7.46,7.45,7.44,7.51,7.52,7.53,7.54,7.55,129,181,172,1219,57,36,42,133,152,262
2017-05-26 14:56:44,7.48,4.0,25434.0,34.0,S,7.48,7.47,7.46,7.45,7.44,7.51,7.52,7.53,7.54,7.55,103,181,176,1219,57,36,42,133,152,262
2017-05-26 14:56:50,7.48,1.0,1495.0,2.0,S,7.49,7.48,7.47,7.46,7.45,7.51,7.52,7.53,7.54,7.55,2,101,181,176,1219,36,42,133,152,262
2017-05-26 14:57:05,7.51,1.0,7511.0,10.0,B,7.49,7.48,7.47,7.46,7.45,7.51,7.52,7.53,7.54,7.55,60,117,185,176,1219,26,42,133,152,262
2017-05-26 14:57:08,7.49,1.0,14979.0,20.0,S,7.49,7.48,7.47,7.46,7.45,7.51,7.52,7.53,7.54,7.55,45,117,185,176,1219,26,42,133,152,262
2017-05-26 14:57:11,7.51,1.0,751.0,1.0,B,7.49,7.48,7.47,7.46,7.45,7.51,7.52,7.53,7.54,7.55,47,117,185,176,1219,25,99,133,152,262
2017-05-26 14:57:20,7.49,1.0,5992.0,8.0,S,7.49,7.48,7.47,7.46,7.45,7.51,7.52,7.53,7.54,7.55,39,122,185,652,1219,15,99,66,152,475
2017-05-26 14:57:23,7.51,3.0,11265.0,15.0,B,7.51,7.49,7.48,7.47,7.46,7.52,7.53,7.54,7.55,7.56,28,39,124,185,652,99,66,152,475,233
2017-05-26 14:57:41,7.51,1.0,2253.0,3.0,B,7.51,7.5,7.49,7.48,7.47,7.52,7.53,7.54,7.55,7.56,25,17,75,144,205,99,66,152,486,233
2017-05-26 14:57:50,7.51,1.0,751.0,1.0,S,7.51,7.5,7.49,7.48,7.47,7.52,7.53,7.54,7.55,7.56,24,17,75,144,205,399,66,152,486,233
2017-05-26 14:58:02,7.51,1.0,9012.0,12.0,S,7.51,7.5,7.49,7.48,7.47,7.52,7.53,7.54,7.55,7.56,12,17,85,139,205,399,66,152,486,233
2017-05-26 14:58:11,7.51,3.0,27036.0,36.0,S,7.51,7.5,7.49,7.48,7.47,7.52,7.53,7.54,7.55,7.56,6,17,85,139,105,399,66,152,486,233
2017-05-26 14:58:14,7.52,1.0,6017.0,8.0,B,7.51,7.5,7.49,7.48,7.47,7.52,7.53,7.54,7.55,7.56,6,17,85,123,105,391,66,152,486,233
2017-05-26 14:58:17,7.52,3.0,142879.0,190.0,B,7.51,7.5,7.49,7.48,7.47,7.52,7.53,7.54,7.55,7.56,6,17,85,123,102,201,66,152,486,233
2017-05-26 14:58:20,7.51,1.0,4506.0,6.0,S,7.5,7.49,7.48,7.47,7.46,7.51,7.52,7.53,7.54,7.55,17,85,123,102,144,94,201,66,152,486
2017-05-26 14:58:23,7.49,8.0,76415.0,102.0,S,7.48,7.47,7.46,7.45,7.44,7.49,7.51,7.52,7.53,7.54,108,102,144,759,7,525,94,201,66,152
2017-05-26 14:58:35,7.49,1.0,1498.0,2.0,B,7.48,7.47,7.46,7.45,7.44,7.49,7.51,7.52,7.53,7.54,108,102,144,759,7,523,94,201,56,152
2017-05-26 14:58:41,7.49,1.0,7489.0,10.0,B,7.48,7.47,7.46,7.45,7.44,7.49,7.51,7.52,7.53,7.54,98,102,144,779,7,513,6,201,56,152
2017-05-26 14:58:50,7.48,2.0,1497.0,2.0,S,7.48,7.47,7.46,7.45,7.44,7.49,7.51,7.52,7.53,7.54,105,102,144,779,7,513,6,201,56,152
2017-05-26 14:58:53,7.48,9.0,70313.0,94.0,S,7.48,7.47,7.46,7.45,7.44,7.49,7.51,7.52,7.53,7.54,15,102,144,782,7,513,6,201,56,152
2017-05-26 14:59:02,7.48,4.0,14959.0,20.0,S,7.48,7.47,7.46,7.45,7.44,7.49,7.51,7.52,7.53,7.54,105,102,144,782,7,513,6,201,56,152
2017-05-26 14:59:05,7.49,1.0,10486.0,14.0,B,7.48,7.47,7.46,7.45,7.44,7.49,7.51,7.52,7.53,7.54,105,102,144,782,7,499,6,201,56,152
2017-05-26 14:59:11,7.49,1.0,37449.0,50.0,B,7.48,7.47,7.46,7.45,7.44,7.49,7.51,7.52,7.53,7.54,110,102,144,782,89,449,6,201,56,152
2017-05-26 14:59:14,7.49,1.0,11236.0,15.0,B,7.48,7.47,7.46,7.45,7.44,7.49,7.51,7.52,7.53,7.54,123,102,144,782,89,434,6,201,56,152
2017-05-26 14:59:20,7.48,1.0,1495.0,2.0,S,7.48,7.47,7.46,7.45,7.44,7.49,7.51,7.52,7.53,7.54,121,102,218,782,89,434,6,201,56,152
2017-05-26 14:59:26,7.49,1.0,22471.0,30.0,B,7.48,7.47,7.46,7.45,7.44,7.49,7.51,7.52,7.53,7.54,131,102,218,782,7,404,6,206,56,152
2017-05-26 14:59:29,7.49,1.0,1499.0,2.0,B,7.48,7.47,7.46,7.45,7.44,7.49,7.52,7.53,7.54,7.55,131,102,218,782,7,402,206,56,152,486
2017-05-26 14:59:35,7.49,2.0,38198.0,51.0,B,7.48,7.47,7.46,7.45,7.44,7.49,7.52,7.53,7.54,7.55,131,102,218,782,7,351,206,56,152,486
2017-05-26 14:59:47,7.48,3.0,20968.0,28.0,S,7.48,7.47,7.46,7.45,7.44,7.49,7.52,7.53,7.54,7.55,126,92,218,782,7,328,206,56,152,486
2017-05-26 14:59:53,7.49,1.0,7489.0,10.0,B,7.48,7.47,7.46,7.45,7.44,7.49,7.52,7.53,7.54,7.55,126,92,218,782,7,318,206,56,152,486
2017-05-26 14:59:56,7.49,1.0,2247.0,3.0,B,7.48,7.47,7.46,7.45,7.44,7.49,7.52,7.53,7.54,7.55,126,92,218,782,7,315,206,56,152,486
